2 0.47265625 0.26458333333333334 0.469921875 0.2828125 0.47578125 0.32083333333333336 0.4765625 0.34270833333333334 0.481640625 0.37916666666666665 0.48515625 0.3890625 0.4875 0.41041666666666665 0.489453125 0.415625 0.48828125 0.4239583333333333 0.4984375 0.4739583333333333 0.498046875 0.4791666666666667 0.50625 0.47291666666666665 0.52734375 0.4703125 0.552734375 0.4640625 0.5591144531250001 0.4635416666666667 0.564453125 0.4671875 0.5625 0.4484375 0.5640625 0.4432291666666667 0.559375 0.3928125 0.558984375 0.35260416666666666 0.556640625 0.321875 0.55390625 0.3072916666666667 0.5296875 0.22395833333333334 0.521484375 0.215625 0.509765625 0.21197916666666666 0.503125 0.21197916666666666 0.4859375 0.21614583333333334 0.4828125 0.2203125 0.47265625 0.22447916666666667 0.469921875 0.22864583333333333 0.46875 0.24270833333333333 0.47265625 0.26458333333333334
2 0.29149765625 0.34588385416666667 0.29384140625 0.3505713541666667 0.29306015625000004 0.3583838541666667 0.29501328125000004 0.3682796875 0.30126328125 0.37713385416666667 0.30165390625 0.3854671875 0.30477890625000004 0.3875505208333333 0.31259140625000004 0.3870296875 0.31532578125 0.39067552083333335 0.31454453125000004 0.3969255208333333 0.30829453125 0.40161302083333333 0.30751328125 0.40838385416666667 0.30907578125 0.42400885416666667 0.31298203125 0.43963385416666667 0.32860703125 0.48650885416666667 0.33915390625 0.5057796875 0.33837265625 0.5104671875 0.34032578125 0.5135921875 0.34032578125 0.5177588541666667 0.34501328125 0.5266130208333333 0.34813828125 0.5385921875 0.37235703125 0.5922380208333333 0.37509140625000004 0.5958838541666667 0.37977890625 0.5958838541666667 0.39110703125 0.5938005208333333 0.40126328125 0.5885921875 0.41063828124999996 0.5906755208333333 0.42196640625 0.5844255208333333 0.45204453125 0.5766130208333333 0.45673203124999995 0.5729671875 0.46063828124999995 0.5651546875 0.46024765624999997 0.5531755208333333 0.46688828125 0.5339046875 0.46688828125 0.5083838541666666 0.45634140624999997 0.4672380208333333 0.45048203124999997 0.4516130208333333 0.44071640624999997 0.4089046875 0.43993515624999996 0.39588385416666666 0.44188828124999996 0.3896338541666667 0.44071640624999997 0.3740088541666667 0.43759140625 0.3620296875 0.42509140624999997 0.33390468749999996 0.42548203124999995 0.3297380208333333 0.42040390624999996 0.3115088541666667 0.41884140625 0.29119635416666667 0.41337265624999997 0.2839046875 0.41649765624999996 0.27557135416666667 0.41063828124999996 0.2682796875 0.40477890624999996 0.2516130208333333 0.40360703124999997 0.2401546875 0.39735703125 0.23051927083333332 0.39618515625 0.21723802083333332 0.39149765625 0.20161302083333332 0.38446640625 0.19744635416666664 0.37743515625 0.18650885416666665 0.37626328125 0.17869635416666665 0.37274765625 0.17244635416666665 0.37274765625 0.1656755208333333 0.36727890625000004 0.1620296875 0.363349609375 0.12023437499999999 0.35165390625000004 0.16255052083333332 0.34032578125 0.1698421875 0.289604296875 0.13765677083333333 0.27039960937499996 0.1735265625 0.28524765625000004 0.22609218749999999 0.27899765625 0.23546718749999998 0.27899765625 0.27661302083333333 0.29149765625 0.34588385416666667
2 0.341265625 0.13450520833333332 0.012675781250000018 0.02853645833333333
0 0.57578125 0.2791666666666667 0.585546875 0.2864583333333333 0.591796875 0.2947916666666667 0.595703125 0.29635416666666664 0.604296875 0.2953125 0.606640625 0.28854166666666664 0.6109375 0.2838541666666667 0.61875 0.28541666666666665 0.6203125 0.28229166666666666 0.621484375 0.2708333333333333 0.618359375 0.2520833333333333 0.61640625 0.24427083333333333 0.608203125 0.23385416666666667 0.6 0.23020833333333332 0.591015625 0.23177083333333334 0.579296875 0.24375 0.573046875 0.2557291666666667 0.57265625 0.2635416666666667 0.57578125 0.2791666666666667
0 0.5994921875 0.4496822916666667 0.03963281250000002 0.05877083333333329
0 0.5773984375000001 0.548546875 0.0349609375 0.07094791666666662
0 0.48359375 0.19322916666666667 0.4859375 0.2 0.49375 0.21145833333333333 0.509765625 0.21041666666666667 0.51796875 0.20260416666666667 0.521875 0.19114583333333332 0.52265625 0.1765625 0.520703125 0.16614583333333333 0.51484375 0.1578125 0.505078125 0.15208333333333332 0.498046875 0.15208333333333332 0.487890625 0.1578125 0.483203125 0.165625 0.48203125 0.1703125 0.48359375 0.19322916666666667
0 0.454296875 0.13333333333333333 0.45859375 0.13854166666666667 0.466796875 0.13020833333333334 0.47265625 0.128125 0.490625 0.12864583333333332 0.493359375 0.11614583333333334 0.490234375 0.1109375 0.4828125 0.1046875 0.471875 0.0984375 0.460546875 0.10260416666666666 0.451953125 0.11197916666666667 0.451171875 0.1203125 0.454296875 0.13333333333333333
0 0.5546875 0.16614583333333333 0.555378515625 0.1926375 0.569140625 0.18072916666666666 0.571875 0.1859375 0.58515625 0.18072916666666666 0.58984375 0.171875 0.591015625 0.16197916666666667 0.583203125 0.1453125 0.571875 0.140625 0.5640625 0.14166666666666666 0.557421875 0.14583333333333334 0.5546875 0.14947916666666666 0.5546875 0.16614583333333333
0 0.596875 0.1890625 0.603125 0.1984375 0.614453125 0.19375 0.621484375 0.19375 0.62421875 0.19114583333333332 0.6265625 0.18541666666666667 0.626171875 0.16875 0.6203125 0.16145833333333334 0.61171875 0.1578125 0.601171875 0.15677083333333333 0.59375 0.16197916666666667 0.593359375 0.17864583333333334 0.596875 0.1890625
0 0.639453125 0.4557291666666667 0.640625 0.4609375 0.646484375 0.4583333333333333 0.653125 0.4640625 0.658984375 0.4661458333333333 0.67265625 0.459375 0.674609375 0.4546875 0.67421875 0.4354166666666667 0.67109375 0.425 0.64609375 0.4119791666666667 0.633203125 0.415625 0.6328125 0.4510416666666667 0.639453125 0.4557291666666667
0 0.59296875 0.5192708333333333 0.596484375 0.5234375 0.6078125 0.5260416666666666 0.61640625 0.5213541666666667 0.62109375 0.515625 0.6234375 0.5052083333333334 0.61953125 0.490625 0.615625 0.48385416666666664 0.6109375 0.4817708333333333 0.599609375 0.48489583333333336 0.58359375 0.478125 0.581640625 0.48541666666666666 0.58125 0.49375 0.59296875 0.5192708333333333
0 0.60078125 0.5682291666666667 0.603515625 0.5739583333333333 0.60703125 0.5786458333333333 0.613671875 0.5713541666666667 0.61796875 0.5703125 0.626953125 0.5739583333333333 0.630859375 0.5447916666666667 0.626953125 0.5364583333333334 0.623046875 0.5322916666666667 0.618359375 0.5307291666666667 0.609375 0.5354166666666667 0.6046875 0.540625 0.6 0.5484375 0.60078125 0.5682291666666667
0 0.62109375 0.4979166666666667 0.624609375 0.50625 0.63046875 0.509375 0.63515625 0.509375 0.6484375 0.5020833333333333 0.649609375 0.4984375 0.64921875 0.47760416666666666 0.644140625 0.46770833333333334 0.6375 0.4661458333333333 0.628515625 0.46822916666666664 0.626953125 0.4708333333333333 0.62265625 0.46927083333333336 0.619140625 0.4739583333333333 0.61875 0.4859375 0.62109375 0.4979166666666667
0 0.653515625 0.5052083333333334 0.655078125 0.5145833333333333 0.65859375 0.5161458333333333 0.66328125 0.5130208333333334 0.6671875 0.5161458333333333 0.673828125 0.5166666666666667 0.67421875 0.4791666666666667 0.671484375 0.46927083333333336 0.66640625 0.46510416666666665 0.655859375 0.4671875 0.65078125 0.4734375 0.649609375 0.4786458333333333 0.64921875 0.4979166666666667 0.653515625 0.5052083333333334
0 0.628125 0.5369791666666667 0.63125 0.5416666666666666 0.63828125 0.5453125 0.6421875 0.5432291666666667 0.650390625 0.54375 0.653515625 0.5328125 0.65390625 0.5161458333333333 0.65 0.5067708333333333 0.64609375 0.5046875 0.634375 0.509375 0.62734375 0.5208333333333334 0.626171875 0.5296875 0.628125 0.5369791666666667
0 0.68046875 0.49895833333333334 0.686328125 0.5015625 0.6875 0.5098958333333333 0.692578125 0.509375 0.69609375 0.49270833333333336 0.698828125 0.4875 0.69921875 0.4703125 0.696875 0.4635416666666667 0.697265625 0.4588541666666667 0.685546875 0.4578125 0.680859375 0.45989583333333334 0.6765625 0.4666666666666667 0.67578125 0.4713541666666667 0.676171875 0.48802083333333335 0.68046875 0.49895833333333334
0 0.659375 0.5625 0.666796875 0.5677083333333334 0.671875 0.5671875 0.674609375 0.5635416666666667 0.675390625 0.5484375 0.673828125 0.5427083333333333 0.670703125 0.5395833333333333 0.658203125 0.54375 0.65390625 0.5510416666666667 0.654296875 0.5635416666666667 0.659375 0.5625
0 0.629296875 0.5723958333333333 0.632421875 0.5760416666666667 0.650390625 0.578125 0.653515625 0.5729166666666666 0.65234375 0.5479166666666667 0.65078125 0.54375 0.6453125 0.5421875 0.633984375 0.5442708333333334 0.62890625 0.553125 0.6265625 0.5640625 0.629296875 0.5723958333333333
0 0.630859375 0.6265625 0.643359375 0.6291666666666667 0.650390625 0.628125 0.6578125 0.6229166666666667 0.65234375 0.61875 0.651171875 0.6145833333333334 0.652734375 0.6109375 0.646875 0.6005208333333333 0.634375 0.6005208333333333 0.62578125 0.6119791666666666 0.626953125 0.621875 0.630859375 0.6265625
0 0.650390625 0.6229166666666667 0.6578125 0.6307291666666667 0.66640625 0.6302083333333334 0.66953125 0.628125 0.673828125 0.6145833333333334 0.66875 0.5994791666666667 0.66328125 0.5963541666666666 0.649609375 0.5994791666666667 0.64921875 0.6192708333333333 0.650390625 0.6229166666666667
0 0.46497382812500004 0.6873265624999999 0.458984375 0.696875 0.458984375 0.7005208333333334 0.4625 0.7072916666666667 0.470703125 0.7083333333333334 0.474609375 0.7041666666666667 0.483984375 0.7005208333333334 0.48671875 0.7020833333333333 0.4953125 0.6942708333333333 0.496484375 0.68125 0.491796875 0.6578125 0.487109375 0.65625 0.4734375 0.6578125 0.4640625 0.66875 0.46328125 0.671875 0.4625 0.678125 0.46497382812500004 0.6873265624999999
0 0.51628125 0.678390625 0.029621093749999973 0.05429166666666655
0 0.5377265625 0.6861145833333333 0.02560937499999998 0.029005208333333362
0 0.482421875 0.7375 0.490234375 0.7416666666666667 0.50078125 0.7359375 0.50078125 0.7265625 0.498046875 0.7208333333333333 0.488671875 0.7182291666666667 0.48203125 0.7223958333333333 0.480859375 0.7296875 0.482421875 0.7375
0 0.618359375 0.7239583333333334 0.62265625 0.728125 0.628125 0.7270833333333333 0.633984375 0.7203125 0.634765625 0.7046875 0.632421875 0.6953125 0.622265625 0.6880208333333333 0.616015625 0.6911458333333333 0.61328125 0.6963541666666667 0.61328125 0.70625 0.618359375 0.7239583333333334
0 0.580859375 0.7083333333333334 0.58125 0.7197916666666667 0.583203125 0.7270833333333333 0.591015625 0.7328125 0.595703125 0.7390625 0.603515625 0.7322916666666667 0.60546875 0.728125 0.60703125 0.7208333333333333 0.60390625 0.7182291666666667 0.60546875 0.7125 0.59921875 0.7041666666666667 0.598046875 0.6932291666666667 0.5985203125 0.6982583333333333 0.593359375 0.6869791666666667 0.583203125 0.6869791666666667 0.57890625 0.6927083333333334 0.578515625 0.7010416666666667 0.580859375 0.7083333333333334
0 0.598828125 0.7091145833333333 0.59765625 0.7223958333333333 0.59921875 0.7270833333333333 0.5984375 0.7390625 0.599609375 0.7401041666666667 0.6052734375 0.7364583333333333 0.6109375 0.7375 0.616015625 0.7322916666666667 0.617578125 0.728125 0.616796875 0.7161458333333334 0.609765625 0.6947916666666667 0.60703125 0.6911458333333333 0.598828125 0.6916666666666667 0.59765625 0.6932291666666667 0.598828125 0.7091145833333333
0 0.560546875 0.7114583333333333 0.571875 0.7072916666666667 0.57734375 0.6973958333333333 0.576953125 0.6880208333333333 0.56953125 0.6802083333333333 0.56015625 0.6822916666666666 0.555078125 0.6885416666666667 0.555859375 0.7015625 0.560546875 0.7114583333333333
0 0.64296875 0.6578125 0.644140625 0.6677083333333333 0.653515625 0.6760416666666667 0.659765625 0.6734375 0.662109375 0.6697916666666667 0.66953125 0.6682291666666667 0.6734375 0.6640625 0.67109375 0.653125 0.666015625 0.6473958333333333 0.65234375 0.6453125 0.64296875 0.65 0.640625 0.6541666666666667 0.64296875 0.6578125
0 0.616015625 0.6833333333333333 0.615234375 0.690625 0.616796875 0.6885416666666667 0.623828125 0.6885416666666667 0.63046875 0.6911458333333333 0.631640625 0.6895833333333333 0.629296875 0.6875 0.627734375 0.68125 0.632421875 0.6697916666666667 0.6328125 0.6609375 0.63125 0.6588541666666666 0.626953125 0.65625 0.622265625 0.6572916666666667 0.61484375 0.6651041666666667 0.61171875 0.6734375 0.611328125 0.6776041666666667 0.616015625 0.6833333333333333
2 0.260546875 0.2558229166666667 0.05057421875000001 0.07453125000000001
0 0.5342382812500001 0.16236458333333334 0.04516015625000005 0.04586979166666663
0 0.522828125 0.13414583333333333 0.047964843749999986 0.06203125000000001
0 0.48998046874999995 0.076546875 0.03386328125000002 0.027453125
0 0.5275195312500001 0.07633333333333334 0.024558593749999958 0.03711979166666666
0 0.5610039062500001 0.07319270833333333 0.03202343750000001 0.027234375
0 0.5952460937499999 0.09740104166666666 0.023691406250000036 0.04752083333333334
0 0.57382421875 0.10886979166666667 0.032781250000000026 0.03728645833333332
0 0.54561328125 0.10742708333333333 0.0255859375 0.03439583333333334
0 0.63083984375 0.14739583333333334 0.02942578124999997 0.047984374999999996
0 0.61691015625 0.12683333333333333 0.026992187499999966 0.04580729166666666
0 0.5940820312499999 0.13845312499999998 0.04192187500000007 0.053171875000000014
0 0.5879140625 0.21389583333333334 0.05501171874999997 0.04827604166666664
0 0.6283515625 0.21995833333333334 0.03040234374999997 0.06039583333333335
0 0.65815625 0.22493749999999998 0.02834374999999998 0.04871354166666665
0 0.64771484375 0.18441666666666665 0.03559374999999996 0.04341145833333335
0 0.63768359375 0.2674479166666667 0.03662109375 0.04934895833333333
0 0.6741953125 0.27159375 0.03716406249999995 0.05548437499999999
0 0.6388164062499999 0.31403125000000004 0.04700781250000006 0.056692708333333286
0 0.6756289062499999 0.310859375 0.037867187500000024 0.056114583333333336
0 0.64571484375 0.3549739583333333 0.05485156250000003 0.05563541666666663
0 0.68352734375 0.36341666666666667 0.02985937500000002 0.05376562500000001
0 0.68366015625 0.40422395833333336 0.04689843749999998 0.02791145833333329
0 0.68582421875 0.42906249999999996 0.023097656250000043 0.0191770833333333