2 0.37552082538604736 0.4217517571533309 0.18854165077209473 0.49905906721312215
0 0.5046875 0.309375 0.0453125 0.05625
0 0.53369140625 0.3401692708333333 0.04193115234375 0.054036458333333336
0 0.5078125 0.2596028645833333 0.038909912109375 0.0496826171875
0 0.57470703125 0.3430989583333333 0.0413818359375 0.052734375
0 0.54248046875 0.3942057291666667 0.043701171875 0.055582682291666664
0 0.560546875 0.2937825520833333 0.042327880859375 0.054361979166666664
0 0.6171875 0.3929036458333333 0.036346435546875 0.0496826171875
0 0.55810546875 0.4417317708333333 0.04217529296875 0.054443359375
0 0.58154296875 0.3958333333333333 0.039947509765625 0.053466796875
0 0.6005859375 0.2936197916666667 0.039276123046875 0.049763997395833336
0 0.548828125 0.24772135416666666 0.040374755859375 0.05126953125
0 0.6103515625 0.3430989583333333 0.038970947265625 0.051188151041666664
0 0.59765625 0.4423828125 0.0384521484375 0.0533447265625
0 0.587890625 0.24658203125 0.037811279296875 0.045817057291666664
0 0.6416015625 0.3395182291666667 0.0330810546875 0.047200520833333336
0 0.66162109375 0.2962239583333333 0.03253173828125 0.045369466145833336
0 0.6220703125 0.24983723958333334 0.035552978515625 0.045450846354166664
0 0.6318359375 0.2942708333333333 0.034423828125 0.0465087890625
0 0.5341796875 0.20572916666666666 0.038604736328125 0.046061197916666664
0 0.6689453125 0.3408203125 0.03216552734375 0.046671549479166664
0 0.63037109375 0.439453125 0.034698486328125 0.049601236979166664
0 0.65185546875 0.2569986979166667 0.03204345703125 0.044352213541666664
0 0.5703125 0.5361328125 0.037384033203125 0.046061197916666664
0 0.57666015625 0.5764973958333334 0.034759521484375 0.042399088541666664
0 0.603515625 0.4889322916666667 0.036895751953125 0.050821940104166664
0 0.48388671875 0.18424479166666666 0.037750244140625 0.045369466145833336
0 0.6494140625 0.3857421875 0.03302001953125 0.0482177734375
0 0.63427734375 0.4876302083333333 0.034088134765625 0.0478515625
0 0.5166015625 0.17138671875 0.038543701171875 0.046346028645833336
0 0.496337890625 0.22493489583333334 0.03759765625 0.054768880208333336
0 0.65966796875 0.4309895833333333 0.03167724609375 0.047322591145833336
0 0.56591796875 0.490234375 0.0401611328125 0.051106770833333336
0 0.5712890625 0.20654296875 0.03839111328125 0.046427408854166664
0 0.67626953125 0.3857421875 0.0296478271484375 0.045572916666666664
0 0.474853515625 0.15462239583333334 0.03607177734375 0.045206705729166664
0 0.63623046875 0.21484375 0.0328369140625 0.04083251953125
0 0.60546875 0.20621744791666666 0.036163330078125 0.0450439453125
0 0.68701171875 0.42578125 0.0287628173828125 0.044352213541666664
0 0.662109375 0.4755859375 0.03125 0.046671549479166664
0 0.60400390625 0.5354817708333334 0.033966064453125 0.045572916666666664
0 0.6865234375 0.4742838541666667 0.0272216796875 0.041219075520833336
0 0.6396484375 0.529296875 0.0322265625 0.0450439453125
0 0.607421875 0.6061197916666666 0.03125 0.037923177083333336
0 0.55224609375 0.16927083333333334 0.037750244140625 0.042236328125
0 0.66552734375 0.5169270833333334 0.030731201171875 0.044108072916666664
0 0.607421875 0.5732421875 0.03228759765625 0.040974934895833336
0 0.63134765625 0.6282552083333334 0.029815673828125 0.037068684895833336
0 0.634765625 0.5690104166666666 0.0311431884765625 0.042236328125
0 0.6181640625 0.18310546875 0.03326416015625 0.038716634114583336
0 0.587890625 0.17057291666666666 0.03515625 0.039306640625
0 0.46484375 0.12247721354166667 0.033477783203125 0.044352213541666664
0 0.54150390625 0.13981119791666666 0.037384033203125 0.041280110677083336
0 0.634765625 0.6012369791666666 0.027587890625 0.037068684895833336
0 0.57421875 0.13907877604166666 0.034942626953125 0.03857421875
0 0.6884765625 0.5149739583333334 0.0252227783203125 0.039449055989583336
0 0.60546875 0.15120442708333334 0.033905029296875 0.036783854166666664
0 0.68408203125 0.5520833333333334 0.024383544921875 0.036580403645833336
0 0.560546875 0.11368815104166667 0.03265380859375 0.037068684895833336
0 0.6611328125 0.556640625 0.02655029296875 0.039225260416666664
0 0.66064453125 0.5882161458333334 0.02691650390625 0.036295572916666664
0 0.49609375 0.11287434895833333 0.03289794921875 0.042073567708333336
0 0.52880859375 0.11181640625 0.03460693359375 0.042073567708333336
0 0.6591796875 0.6396484375 0.0262603759765625 0.032755533854166664
0 0.59375 0.12532552083333334 0.03173828125 0.033955891927083336
0 0.66162109375 0.6155598958333334 0.0255126953125 0.030985514322916668
0 0.34716796875 0.478515625 0.037811279296875 0.055908203125
0 0.32666015625 0.3717447916666667 0.03656005859375 0.054239908854166664
0 0.321533203125 0.3201497395833333 0.034942626953125 0.051676432291666664
0 0.6826171875 0.5830078125 0.0224609375 0.033182779947916664
0 0.354736328125 0.296875 0.03216552734375 0.057820638020833336
0 0.681640625 0.6090494791666666 0.021575927734375 0.030924479166666668
0 0.31787109375 0.27783203125 0.03533935546875 0.052734375
0 0.6787109375 0.6380208333333334 0.021087646484375 0.02752685546875
0 0.564453125 0.5677083333333334 0.0218658447265625 0.0352783203125
0 0.62451171875 0.7389322916666666 0.022796630859375 0.035400390625
0 0.358154296875 0.3509114583333333 0.03436279296875 0.057291666666666664
0 0.5537109375 0.4814453125 0.0213623046875 0.03466796875
0 0.607421875 0.7493489583333334 0.0211181640625 0.035603841145833336
0 0.3515625 0.2511393229166667 0.0279541015625 0.047648111979166664
0 0.5888671875 0.7552083333333334 0.02215576171875 0.03778076171875
0 0.64111328125 0.7317708333333334 0.021942138671875 0.033447265625
0 0.57177734375 0.7630208333333334 0.0210113525390625 0.037699381510416664
0 0.33642578125 0.4235026041666667 0.036285400390625 0.054850260416666664
0 0.260009765625 0.5751953125 0.02838134765625 0.04296875
2 0.5302734375 0.810546875 0.287353515625 0.20540364583333334
2 0.263916015625 0.4205729166666667 0.06561279296875 0.13712565104166666