2 0.4248046875 0.6421875 0.129296875 0.10520833333333333
2 0.4599609375 0.68671875 0.128515625 0.09947916666666666
2 0.37215820760905505 0.35643755858350235 0.17773437499999994 0.45729166666666665
2 0.2374267578125 0.6041666666666666 0.11029052734375 0.22509765625
2 0.273681640625 0.4085286458333333 0.05706787109375 0.1806640625
2 0.29736328125 0.7708333333333334 0.1280517578125 0.11124674479166667
2 0.330322265625 0.19189453125 0.089599609375 0.11083984375
2 0.352294921875 0.7903645833333334 0.2476806640625 0.19287109375
0 0.5318359375 0.34427083333333336 0.042578125 0.05416666666666667
0 0.5089715494991681 0.24893499341702058 0.040810096747034307 0.06129501863290982
0 0.54052734375 0.396484375 0.04302978515625 0.0552978515625
0 0.56982421875 0.3274739583333333 0.04351806640625 0.054361979166666664
0 0.580078125 0.3854166666666667 0.0416259765625 0.0545654296875
0 0.5625 0.2791341145833333 0.043212890625 0.054850260416666664
0 0.560546875 0.4417317708333333 0.04107666015625 0.054239908854166664
0 0.6162109375 0.3828125 0.03753662109375 0.051595052083333336
0 0.6064453125 0.3250325520833333 0.038177490234375 0.049845377604166664
0 0.66943359375 0.3304036458333333 0.03173828125 0.044962565104166664
0 0.6748046875 0.3756510416666667 0.0318603515625 0.045369466145833336
0 0.63916015625 0.3279622395833333 0.035003662109375 0.048665364583333336
0 0.64697265625 0.3785807291666667 0.03448486328125 0.047770182291666664
0 0.6630859375 0.2869466145833333 0.0309600830078125 0.044026692708333336
0 0.59716796875 0.431640625 0.0394287109375 0.0538330078125
0 0.60107421875 0.2775065104166667 0.03753662109375 0.0504150390625
0 0.583984375 0.23486328125 0.04107666015625 0.054768880208333336
0 0.63330078125 0.2825520833333333 0.03521728515625 0.048014322916666664
0 0.66064453125 0.4215494791666667 0.033782958984375 0.049479166666666664
0 0.685546875 0.4153645833333333 0.0289764404296875 0.043212890625
0 0.64892578125 0.24560546875 0.03131103515625 0.043538411458333336
0 0.50244140625 0.20084635416666666 0.0374755859375 0.053141276041666664
0 0.62939453125 0.4300130208333333 0.03521728515625 0.0509033203125
0 0.634765625 0.478515625 0.033843994140625 0.048014322916666664
0 0.5439453125 0.24186197916666666 0.04132080078125 0.056844075520833336
0 0.60009765625 0.48046875 0.0401611328125 0.051106770833333336
0 0.53515625 0.18619791666666666 0.038818359375 0.0567626953125
0 0.60693359375 0.20052083333333334 0.036346435546875 0.044962565104166664
0 0.6396484375 0.2080078125 0.03338623046875 0.041910807291666664
0 0.47216796875 0.14225260416666666 0.034088134765625 0.041605631510416664
0 0.66064453125 0.4658203125 0.033477783203125 0.047322591145833336
0 0.5126953125 0.15226236979166666 0.03607177734375 0.042805989583333336
0 0.6201171875 0.2392578125 0.03533935546875 0.046142578125
0 0.6845703125 0.4586588541666667 0.0274810791015625 0.044026692708333336
0 0.62353515625 0.17106119791666666 0.0341796875 0.038065592447916664
0 0.56201171875 0.4986979166666667 0.04327392578125 0.0576171875
0 0.476806640625 0.1767578125 0.036773681640625 0.056966145833333336
0 0.6318359375 0.5218098958333334 0.033660888671875 0.045369466145833336
0 0.55615234375 0.15437825520833334 0.03912353515625 0.043212890625
0 0.6611328125 0.5081380208333334 0.03216552734375 0.045572916666666664
0 0.6865234375 0.4973958333333333 0.027008056640625 0.0419921875
0 0.59716796875 0.5732421875 0.036224365234375 0.0447998046875
0 0.58984375 0.159912109375 0.03533935546875 0.041280110677083336
0 0.56982421875 0.19189453125 0.040618896484375 0.057820638020833336
0 0.59619140625 0.5276692708333334 0.0379638671875 0.047403971354166664
0 0.493896484375 0.10465494791666667 0.03289794921875 0.042805989583333336
0 0.50634765625 0.126708984375 0.034759521484375 0.0408935546875
0 0.60595703125 0.14225260416666666 0.0343017578125 0.039388020833333336
0 0.52734375 0.10221354166666667 0.034027099609375 0.03863525390625
0 0.57421875 0.13191731770833334 0.035675048828125 0.041361490885416664
0 0.54052734375 0.13126627604166666 0.03662109375 0.0467529296875
0 0.6416015625 0.5895182291666666 0.0287017822265625 0.037129720052083336
0 0.35791015625 0.3181966145833333 0.034820556640625 0.058349609375
0 0.6396484375 0.5533854166666666 0.030853271484375 0.041829427083333336
0 0.66650390625 0.5455729166666666 0.0274810791015625 0.040364583333333336
0 0.6142578125 0.5908203125 0.03167724609375 0.039306640625
0 0.66552734375 0.5791015625 0.02655029296875 0.035685221354166664
0 0.65087890625 0.66796875 0.02508544921875 0.036641438802083336
0 0.58642578125 0.6090494791666666 0.03204345703125 0.037556966145833336
0 0.63916015625 0.6409505208333334 0.0271759033203125 0.035481770833333336
0 0.3369140625 0.396484375 0.044281005859375 0.0576171875
0 0.5615234375 0.103515625 0.03265380859375 0.03350830078125
0 0.59375 0.11531575520833333 0.03143310546875 0.03045654296875
0 0.34814453125 0.451171875 0.042022705078125 0.058797200520833336
0 0.6162109375 0.6243489583333334 0.029083251953125 0.034281412760416664
0 0.5888671875 0.6627604166666666 0.02886962890625 0.0352783203125
0 0.317626953125 0.30078125 0.036346435546875 0.055501302083333336
0 0.5888671875 0.638671875 0.0289764404296875 0.034159342447916664
0 0.6640625 0.6064453125 0.0256195068359375 0.032124837239583336
0 0.31396484375 0.2599283854166667 0.034942626953125 0.051595052083333336
0 0.68603515625 0.5677083333333334 0.0212860107421875 0.031107584635416668
0 0.61474609375 0.650390625 0.0273284912109375 0.031473795572916664
0 0.57763671875 0.5924479166666666 0.0230255126953125 0.040140787760416664
0 0.68310546875 0.5999348958333334 0.0228424072265625 0.03692626953125
0 0.5859375 0.5553385416666666 0.02630615234375 0.037211100260416664
0 0.640625 0.6184895833333334 0.026702880859375 0.0333251953125
0 0.66015625 0.6315104166666666 0.0230712890625 0.029825846354166668
0 0.348876953125 0.2711588541666667 0.033660888671875 0.055908203125
0 0.62890625 0.677734375 0.025421142578125 0.034749348958333336
0 0.607421875 0.6946614583333334 0.0250396728515625 0.031697591145833336
0 0.68017578125 0.6233723958333334 0.023101806640625 0.031229654947916668
0 0.58447265625 0.6985677083333334 0.02337646484375 0.030517578125
0 0.64892578125 0.6920572916666666 0.0211181640625 0.029154459635416668
0 0.6083984375 0.7115885416666666 0.023193359375 0.02960205078125
0 0.6279296875 0.7330729166666666 0.021209716796875 0.031168619791666668
0 0.609375 0.736328125 0.021484375 0.0374755859375
0 0.68798828125 0.5315755208333334 0.0238189697265625 0.035603841145833336
0 0.59130859375 0.7532552083333334 0.0221099853515625 0.027587890625
0 0.5869140625 0.716796875 0.0242767333984375 0.02886962890625
0 0.6298828125 0.7109375 0.0234222412109375 0.025166829427083332
0 0.64501953125 0.728515625 0.02001953125 0.028767903645833332
0 0.64599609375 0.7083333333333334 0.0199432373046875 0.025105794270833332