2 0.36328125 0.365625 0.1703125 0.4583333333333333
0 0.528515625 0.3411458333333333 0.04296875 0.05520833333333333
0 0.5244140625 0.2893880208333333 0.040008544921875 0.052571614583333336
0 0.513671875 0.24772135416666666 0.039794921875 0.0574951171875
0 0.57470703125 0.3273111979166667 0.042724609375 0.0528564453125
0 0.56396484375 0.2771809895833333 0.041229248046875 0.054768880208333336
0 0.580078125 0.3779296875 0.044677734375 0.052449544270833336
0 0.6123046875 0.3268229166666667 0.038177490234375 0.050984700520833336
0 0.55078125 0.23063151041666666 0.040313720703125 0.0504150390625
0 0.326904296875 0.388671875 0.036712646484375 0.056111653645833336
0 0.6328125 0.2801106770833333 0.03460693359375 0.049031575520833336
0 0.6884765625 0.4124348958333333 0.029541015625 0.043782552083333336
0 0.67822265625 0.3714192708333333 0.0302734375 0.0450439453125
0 0.6015625 0.27978515625 0.0384521484375 0.050821940104166664
0 0.53662109375 0.19156901041666666 0.0390625 0.048014322916666664
0 0.619140625 0.3766276041666667 0.036285400390625 0.0496826171875
0 0.517578125 0.15625 0.038177490234375 0.0447998046875
0 0.595703125 0.4248046875 0.03948974609375 0.050699869791666664
0 0.68798828125 0.4622395833333333 0.0285491943359375 0.043375651041666664
0 0.67236328125 0.3264973958333333 0.0328369140625 0.044189453125
0 0.59033203125 0.232421875 0.0391845703125 0.048380533854166664
0 0.62451171875 0.23567708333333334 0.035614013671875 0.046061197916666664
0 0.6298828125 0.4251302083333333 0.03515625 0.050048828125
0 0.6015625 0.4736328125 0.037109375 0.049601236979166664
0 0.65185546875 0.3714192708333333 0.033599853515625 0.048299153645833336
0 0.64453125 0.3250325520833333 0.0333251953125 0.048095703125
0 0.66357421875 0.2820638020833333 0.032470703125 0.044189453125
0 0.69091796875 0.5006510416666666 0.02655029296875 0.040669759114583336
0 0.33544921875 0.4407552083333333 0.0374755859375 0.054361979166666664
0 0.66357421875 0.4606119791666667 0.0310211181640625 0.0467529296875
0 0.6533203125 0.24186197916666666 0.0322265625 0.043863932291666664
0 0.6611328125 0.4166666666666667 0.03167724609375 0.0474853515625
0 0.63330078125 0.552734375 0.0310211181640625 0.039449055989583336
0 0.6650390625 0.5026041666666666 0.0294189453125 0.042887369791666664
0 0.60888671875 0.5218098958333334 0.0352783203125 0.046346028645833336
0 0.6396484375 0.5152994791666666 0.031494140625 0.044108072916666664
0 0.3095703125 0.2509765625 0.03326416015625 0.047322591145833336
0 0.63916015625 0.20377604166666666 0.034027099609375 0.043538411458333336
0 0.6630859375 0.5403645833333334 0.02838134765625 0.03900146484375
0 0.317626953125 0.3388671875 0.03704833984375 0.053466796875
0 0.5537109375 0.15275065104166666 0.037689208984375 0.042643229166666664
0 0.60791015625 0.19254557291666666 0.037384033203125 0.0484619140625
0 0.479736328125 0.14127604166666666 0.0369873046875 0.043050130208333336
0 0.6357421875 0.4716796875 0.03424072265625 0.048095703125
0 0.495361328125 0.21126302083333334 0.037689208984375 0.060587565104166664
0 0.3134765625 0.29052734375 0.035003662109375 0.052164713541666664
0 0.4697265625 0.1142578125 0.035400390625 0.047200520833333336
0 0.607421875 0.13712565104166666 0.033599853515625 0.039835611979166664
0 0.5078125 0.123779296875 0.036712646484375 0.042073567708333336
0 0.496826171875 0.09806315104166667 0.03338623046875 0.041605631510416664
0 0.68603515625 0.5397135416666666 0.0234222412109375 0.035013834635416664
0 0.62158203125 0.16910807291666666 0.034820556640625 0.040506998697916664
0 0.54248046875 0.12467447916666667 0.03704833984375 0.040059407552083336
2 0.55810546875 0.7265625 0.12335205078125 0.12711588541666666
0 0.58935546875 0.15706380208333334 0.034698486328125 0.039388020833333336
0 0.57568359375 0.12687174479166666 0.034698486328125 0.041524251302083336
0 0.57373046875 0.19010416666666666 0.03790283203125 0.04345703125
0 0.52880859375 0.6809895833333334 0.027435302734375 0.057942708333333336
0 0.529296875 0.0966796875 0.035003662109375 0.040506998697916664
0 0.344482421875 0.2657877604166667 0.029876708984375 0.051106770833333336
0 0.5791015625 0.4231770833333333 0.0223236083984375 0.042073567708333336
0 0.58544921875 0.4638671875 0.0207672119140625 0.038492838541666664
0 0.595703125 0.111083984375 0.0328369140625 0.033772786458333336
0 0.349853515625 0.3133138020833333 0.03131103515625 0.056640625
2 0.252197265625 0.4635416666666667 0.090087890625 0.2893880208333333
0 0.5625 0.09879557291666667 0.0323486328125 0.035135904947916664
0 0.340576171875 0.22347005208333334 0.027435302734375 0.046142578125
0 0.5546875 0.6751302083333334 0.0254669189453125 0.025838216145833332
0 0.26806640625 0.2819010416666667 0.024658203125 0.06551106770833333