2 0.45924609375000003 0.5198854166666665 0.170703125 0.3510416666666666
0 0.4517578125 0.4479166666666667 0.045703125 0.0625
0 0.411328125 0.46822916666666664 0.04609375 0.06145833333333333
0 0.49765625 0.5973958333333333 0.03984375 0.052083333333333336
0 0.4810546875 0.5544270833333333 0.043359375 0.059895833333333336
0 0.46455859374999997 0.504359375 0.04193750000000005 0.05677083333333333
0 0.42840625 0.523546875 0.05392578125000007 0.04738020833333329
2 0.35234375 0.5614583333333333 0.08125 0.20208333333333334
2 0.2853515625 0.4630208333333333 0.048046875 0.08229166666666667
2 0.291796875 0.559375 0.03046875 0.096875
2 0.27591796875 0.37617708333333333 0.10470312499999998 0.08065625000000007
2 0.2884765625 0.2635416666666667 0.070703125 0.109375
0 0.5423828125 0.38333333333333336 0.044140625 0.05520833333333333
0 0.5337890625 0.33098958333333334 0.044140625 0.05677083333333333
0 0.5177734375 0.2877604166666667 0.045703125 0.058854166666666666
0 0.57470703125 0.3336614583333333 0.039949218749999994 0.052369791666666644
0 0.58251953125 0.38509375 0.03933593749999993 0.052937500000000054
0 0.6103515625 0.33203125 0.03774999999999995 0.05127083333333336
0 0.5615234375 0.2825520833333333 0.04052734375 0.05216666666666668
0 0.59765625 0.43261979166666664 0.03891015625000005 0.052734375
0 0.51513671875 0.23746875 0.03854296875000003 0.0493177083333333
0 0.501953125 0.20263541666666668 0.03683593750000007 0.05415625000000001
0 0.55908203125 0.4329427083333333 0.04296875 0.051760416666666725
0 0.6298828125 0.4303385416666667 0.034425781250000044 0.04996875000000003
0 0.599609375 0.2846666666666666 0.03774999999999995 0.0506197916666667
0 0.64208984375 0.3297552083333333 0.033601562499999994 0.04838020833333338
0 0.67529296875 0.375328125 0.03137109374999998 0.045041666666666674
0 0.634765625 0.4781927083333333 0.033781250000000006 0.04658854166666669
0 0.6630859375 0.2875989583333334 0.03161718750000002 0.044187499999999984
0 0.54931640625 0.22103124999999998 0.03955078125 0.050130208333333336
0 0.61767578125 0.3828125 0.03561328125000003 0.04829687500000001
0 0.58642578125 0.23307291666666666 0.03811718749999997 0.049479166666666664
0 0.67041015625 0.3299166666666667 0.030378906249999994 0.043864583333333346
0 0.62060546875 0.23828125 0.03488281250000007 0.045979166666666654
0 0.66162109375 0.466796875 0.0322265625 0.045901041666666725
0 0.66064453125 0.4215520833333333 0.03241015624999992 0.048093749999999956
0 0.6025390625 0.4801458333333333 0.038023437500000055 0.049031250000000054
0 0.53466796875 0.18033854166666666 0.03781250000000007 0.04658854166666669
0 0.64990234375 0.24593229166666666 0.03204296875000008 0.04394791666666666
0 0.4794921875 0.18115104166666668 0.03811718749999997 0.05859375
0 0.607421875 0.19970833333333332 0.036558593750000055 0.0444322916666667
0 0.5712890625 0.18701041666666668 0.03869531249999998 0.04658854166666669
0 0.6337890625 0.2833645833333333 0.034757812500000006 0.049192708333333356
0 0.6865234375 0.49707291666666664 0.028382812499999945 0.0392239583333333
0 0.640625 0.20768229166666666 0.03366015625000003 0.04199479166666666
0 0.64794921875 0.37890625 0.03454687500000002 0.048828125
0 0.47241406250000006 0.14322916666666666 0.035218749999999945 0.04199479166666666
0 0.55615234375 0.1535625 0.03823828124999995 0.03997916666666666
0 0.51318359375 0.1501458333333333 0.03601171875000002 0.04067187500000002
0 0.68603515625 0.414390625 0.028273437500000043 0.04182812499999997
0 0.62353515625 0.5205104166666666 0.03628515624999995 0.050046874999999956
0 0.62353515625 0.17057291666666666 0.03347656249999993 0.03778124999999998
0 0.6416015625 0.5888697916666668 0.0302734375 0.04014062500000008
0 0.685546875 0.4576822916666667 0.026765624999999994 0.04097395833333337
0 0.640625 0.64453125 0.029984375000000084 0.038411458333333336
0 0.49365234375 0.1050625 0.033140625000000055 0.042885416666666655
0 0.5068359375 0.12670833333333334 0.03561328125000003 0.04005729166666668
0 0.60546875 0.14201041666666667 0.03430078124999998 0.038411458333333336
0 0.6396484375 0.5530625 0.03173828125 0.04471875000000001
0 0.57421875 0.12988541666666667 0.03482031249999995 0.03871875000000002
0 0.5908203125 0.1605625 0.03561328125000003 0.03908333333333332
0 0.54052734375 0.12915104166666666 0.03616406249999997 0.043130208333333336
0 0.61669921875 0.623046875 0.02937499999999993 0.03721354166666657
0 0.68115234375 0.623375 0.023726562499999916 0.03306250000000001
0 0.52734375 0.10115625 0.03396484374999993 0.036296875
0 0.68603515625 0.5680364583333334 0.022765625000000077 0.0360937500000001
0 0.666015625 0.5810572916666668 0.027589843750000044 0.038942708333333326
0 0.6416015625 0.6168645833333334 0.027480468749999966 0.03407812499999992
0 0.6640625 0.6064479166666668 0.026062499999999923 0.03377083333333341
0 0.61376953125 0.5885416666666666 0.030730468750000028 0.04182812499999997
0 0.66748046875 0.6474635416666668 0.021242187500000044 0.030760416666666637
0 0.62646484375 0.6673177083333334 0.026960937499999994 0.030703124999999904
0 0.59423828125 0.11547916666666666 0.03091406249999995 0.031473958333333336
0 0.6875 0.5322291666666666 0.023726562499999916 0.03601041666666672
0 0.5615234375 0.10294791666666667 0.031984375000000044 0.032510416666666674
0 0.6845703125 0.5989583333333334 0.021164062499999935 0.03401562499999997
0 0.64501953125 0.6940104166666666 0.024613281250000084 0.04386458333333323
0 0.666015625 0.5439479166666668 0.02937499999999993 0.04215625000000003
0 0.615234375 0.6500677083333334 0.028062500000000056 0.03486979166666657
0 0.62744140625 0.69921875 0.02456640624999995 0.03834895833333339
0 0.6591796875 0.6321614583333334 0.023238281249999916 0.03533854166666662
0 0.32446484375 0.6090520833333334 0.025999999999999978 0.04581770833333323
0 0.58642578125 0.470703125 0.021621093749999966 0.037843750000000044
0 0.64697265625 0.7233072916666666 0.021164062499999935 0.02947916666666662
2 0.365234375 0.504234375 0.05697656250000005 0.09236458333333329
2 0.21435546875 0.6220729166666668 0.020597656250000006 0.041135416666666674
0 0.6279296875 0.7278645833333334 0.020445312500000055 0.026692708333333332
0 0.6845703125 0.6901041666666666 0.01596093750000005 0.021463541666666686
0 0.626953125 0.7434895833333334 0.01840234375000005 0.020020833333333363
2 0.28662109375 0.748046875 0.011503906250000018 0.016510416666666573
2 0.57578125 0.7197916666666667 0.58359375 0.7354166666666667 0.59140625 0.7302083333333333 0.595703125 0.7322916666666667 0.59921875 0.728125 0.59375 0.6942708333333333 0.589453125 0.684375 0.5796875 0.68125 0.571875 0.6927083333333334 0.571484375 0.6984375 0.57578125 0.7197916666666667
2 0.512109375 0.7307291666666667 0.518359375 0.7291666666666666 0.51953125 0.73125 0.51875 0.753125 0.5203125 0.7677083333333333 0.53359375 0.7703125 0.540625 0.7666666666666667 0.553125 0.7671875 0.5609375 0.7625 0.56171875 0.7541666666666667 0.56015625 0.7432291666666667 0.55234375 0.71875 0.54453125 0.7182291666666667 0.53515625 0.7255208333333333 0.5328125 0.7239583333333334 0.53125 0.7260416666666667 0.52578125 0.7270833333333333 0.51953125 0.725 0.51875 0.7223958333333333 0.516015625 0.7229166666666667 0.512109375 0.728125 0.512109375 0.7307291666666667