2 0.287890625 0.26328125 0.071875 0.10885416666666667
2 0.277734375 0.36666666666666664 0.07734375 0.103125
0 0.5158203125 0.2875 0.041796875 0.058333333333333334
0 0.53271484375 0.3302408854166667 0.042388916015625 0.055379231770833336
0 0.5419921875 0.384765625 0.044281005859375 0.057088216145833336
0 0.5615234375 0.2823893229166667 0.040313720703125 0.052449544270833336
0 0.57421875 0.3336588541666667 0.039794921875 0.052449544270833336
0 0.515625 0.23795572916666666 0.037811279296875 0.049967447916666664
0 0.60009765625 0.2853190104166667 0.0379638671875 0.052083333333333336
0 0.5595703125 0.43359375 0.04376220703125 0.052734375
0 0.6103515625 0.33203125 0.037200927734375 0.051472981770833336
0 0.59814453125 0.4322916666666667 0.0384521484375 0.0528564453125
0 0.5830078125 0.3854166666666667 0.0390625 0.053059895833333336
0 0.501953125 0.20247395833333334 0.036285400390625 0.055379231770833336
0 0.6298828125 0.4309895833333333 0.034027099609375 0.050333658854166664
0 0.58642578125 0.23421223958333334 0.03948974609375 0.0513916015625
0 0.64208984375 0.3299153645833333 0.03338623046875 0.047932942708333336
0 0.6630859375 0.2869466145833333 0.0310821533203125 0.043294270833333336
0 0.634765625 0.4781901041666667 0.033721923828125 0.046875
0 0.61767578125 0.3824869791666667 0.036346435546875 0.0496826171875
0 0.63330078125 0.2838541666666667 0.034942626953125 0.049601236979166664
0 0.53466796875 0.17952473958333334 0.03753662109375 0.044962565104166664
0 0.6708984375 0.3297526041666667 0.030792236328125 0.04345703125
0 0.54931640625 0.22151692708333334 0.038909912109375 0.05126953125
0 0.67529296875 0.3756510416666667 0.031494140625 0.0450439453125
0 0.64990234375 0.24560546875 0.0309600830078125 0.042399088541666664
0 0.66064453125 0.421875 0.03240966796875 0.048299153645833336
0 0.60205078125 0.4798177083333333 0.038604736328125 0.049479166666666664
0 0.5712890625 0.18717447916666666 0.038909912109375 0.046956380208333336
0 0.66162109375 0.4664713541666667 0.03240966796875 0.046061197916666664
0 0.64013671875 0.20719401041666666 0.033721923828125 0.040974934895833336
0 0.47265625 0.14274088541666666 0.03515625 0.042154947916666664
0 0.5126953125 0.15226236979166666 0.036285400390625 0.0411376953125
0 0.60693359375 0.19938151041666666 0.036712646484375 0.044514973958333336
0 0.6201171875 0.23746744791666666 0.035552978515625 0.045654296875
0 0.6474609375 0.3792317708333333 0.033843994140625 0.0484619140625
0 0.55615234375 0.15299479166666666 0.0379638671875 0.040140787760416664
0 0.493896484375 0.10465494791666667 0.03302001953125 0.041748046875
0 0.623046875 0.17057291666666666 0.03314208984375 0.037923177083333336
0 0.59326171875 0.576171875 0.035736083984375 0.043538411458333336
0 0.5908203125 0.15974934895833334 0.035400390625 0.038859049479166664
0 0.60546875 0.14200846354166666 0.034088134765625 0.03857421875
0 0.6865234375 0.4147135416666667 0.0279083251953125 0.041666666666666664
0 0.623046875 0.5201822916666666 0.036895751953125 0.050537109375
0 0.54052734375 0.129638671875 0.036346435546875 0.044270833333333336
0 0.63916015625 0.5517578125 0.03125 0.0447998046875
0 0.50732421875 0.126708984375 0.035614013671875 0.040669759114583336
0 0.57421875 0.12939453125 0.034820556640625 0.03863525390625
0 0.52783203125 0.10148111979166667 0.03424072265625 0.035888671875
0 0.6416015625 0.5885416666666666 0.028656005859375 0.037129720052083336
0 0.587890625 0.5319010416666666 0.038604736328125 0.047932942708333336
0 0.5947265625 0.11588541666666667 0.03131103515625 0.031697591145833336
0 0.6865234375 0.4967447916666667 0.029083251953125 0.039449055989583336
0 0.478759765625 0.17952473958333334 0.036773681640625 0.0565185546875
0 0.6396484375 0.6416015625 0.026763916015625 0.03521728515625
0 0.5615234375 0.10262044270833333 0.03216552734375 0.032246907552083336
0 0.68603515625 0.4583333333333333 0.0274810791015625 0.041910807291666664
0 0.61572265625 0.6246744791666666 0.030731201171875 0.037618001302083336
0 0.6142578125 0.5882161458333334 0.031494140625 0.040974934895833336
0 0.66552734375 0.5777994791666666 0.027069091796875 0.038065592447916664
0 0.6474609375 0.6595052083333334 0.02203369140625 0.027425130208333332
0 0.640625 0.6175130208333334 0.025421142578125 0.034016927083333336
0 0.60400390625 0.67578125 0.0262603759765625 0.031229654947916668
0 0.61474609375 0.6500651041666666 0.029083251953125 0.034871419270833336
0 0.59814453125 0.6585286458333334 0.02215576171875 0.039896647135416664
0 0.66455078125 0.60546875 0.0258026123046875 0.031351725260416664
0 0.58642578125 0.7063802083333334 0.025909423828125 0.041056315104166664
0 0.66796875 0.6468098958333334 0.020172119140625 0.028116861979166668
0 0.58203125 0.564453125 0.0242767333984375 0.036295572916666664
0 0.62841796875 0.6653645833333334 0.0262603759765625 0.026957194010416668
0 0.58642578125 0.470703125 0.0224151611328125 0.03857421875
0 0.68603515625 0.568359375 0.021697998046875 0.032877604166666664
0 0.68408203125 0.5983072916666666 0.021697998046875 0.033955891927083336
0 0.60546875 0.703125 0.0240478515625 0.034016927083333336
0 0.6796875 0.6243489583333334 0.023101806640625 0.032063802083333336
0 0.66357421875 0.5384114583333334 0.035003662109375 0.050984700520833336
0 0.62646484375 0.6998697916666666 0.0229339599609375 0.0389404296875
0 0.66064453125 0.6324869791666666 0.02337646484375 0.032511393229166664
0 0.5712890625 0.734375 0.023651123046875 0.04248046875
0 0.5498046875 0.744140625 0.0240478515625 0.048380533854166664
0 0.6455078125 0.6946614583333334 0.0235595703125 0.03692626953125
0 0.6875 0.5319010416666666 0.0246124267578125 0.035542805989583336
0 0.5126953125 0.7623697916666666 0.02386474609375 0.0352783203125
0 0.64599609375 0.7278645833333334 0.021209716796875 0.028116861979166668
0 0.53076171875 0.7486979166666666 0.024658203125 0.050699869791666664
0 0.6279296875 0.7428385416666666 0.01971435546875 0.022908528645833332
0 0.591796875 0.751953125 0.02203369140625 0.030171712239583332
0 0.60986328125 0.7376302083333334 0.021209716796875 0.036641438802083336
0 0.68017578125 0.6790364583333334 0.0242767333984375 0.039225260416666664
0 0.62841796875 0.728515625 0.019683837890625 0.02362060546875