2 0.38868749999999996 0.26979166666666665 0.16983984375 0.24068749999999997
0 0.5159453125 0.2831458333333333 0.04085937499999996 0.05927083333333331
0 0.533203125 0.3299166666666667 0.04281640625000005 0.0548489583333333
0 0.560546875 0.2827135416666666 0.04138281250000002 0.05314062499999998
0 0.5146484375 0.23844270833333334 0.04067968749999995 0.05159375000000003
0 0.57373046875 0.332359375 0.04067968749999995 0.052734375
0 0.58203125 0.38509375 0.039124999999999945 0.0525729166666667
0 0.5419921875 0.3824895833333333 0.044523437500000006 0.05497395833333331
0 0.609375 0.3318697916666667 0.03839062500000008 0.052369791666666644
0 0.59814453125 0.2853177083333333 0.039124999999999945 0.05159374999999997
0 0.56005859375 0.4322916666666667 0.04016015624999998 0.05188020833333328
0 0.5029296875 0.203125 0.040464843750000055 0.05375000000000003
0 0.59912109375 0.47884375 0.03845312500000002 0.04821874999999996
0 0.5478515625 0.22021354166666668 0.03839062500000008 0.047770833333333346
0 0.59716796875 0.4322916666666667 0.03781250000000007 0.05069791666666663
0 0.67431640625 0.3766302083333333 0.03271484375 0.04634375000000001
0 0.58544921875 0.23291145833333332 0.03683593750000007 0.047770833333333346
0 0.61767578125 0.3811875 0.036558593750000055 0.05069791666666663
0 0.634765625 0.47884375 0.03402734375000005 0.046510416666666644
0 0.662109375 0.287109375 0.03289843749999992 0.04471874999999998
0 0.62890625 0.4293645833333333 0.035218749999999945 0.04785416666666661
0 0.63330078125 0.2830416666666667 0.03601171875000002 0.04829687500000001
0 0.53466796875 0.1805 0.038972656249999994 0.04606249999999997
0 0.650390625 0.24593229166666666 0.03259375000000002 0.04370312499999998
0 0.6689453125 0.3299166666666667 0.031144531250000006 0.04488020833333337
0 0.5712890625 0.18619791666666666 0.03683593750000007 0.04345833333333336
0 0.638671875 0.20638020833333334 0.032164062500000055 0.03916666666666669
0 0.68359375 0.4176458333333333 0.03143359374999992 0.04264583333333327
0 0.5546875 0.15380729166666668 0.03634765625000007 0.03916666666666669
0 0.6201171875 0.23926041666666667 0.035890625000000044 0.046755208333333326
0 0.6591796875 0.422203125 0.03161718750000002 0.046140624999999956
0 0.66162109375 0.4664739583333333 0.030210937500000055 0.044718749999999946
0 0.646484375 0.3785833333333333 0.032289062499999945 0.04606250000000003
0 0.6865234375 0.4583333333333333 0.028382812499999945 0.04410937500000003
0 0.5126953125 0.14835416666666665 0.03839062500000008 0.04135937499999998
0 0.47290234375000006 0.14599479166666668 0.03854296875000003 0.045734375000000015
0 0.60888671875 0.200359375 0.035066406249999994 0.04105729166666669
0 0.6865234375 0.496421875 0.027113281249999944 0.04044791666666671
0 0.62353515625 0.170734375 0.031019531249999944 0.03609374999999997
0 0.64111328125 0.33040625 0.035218749999999945 0.050046874999999956
0 0.60546875 0.14078645833333334 0.03210546875000002 0.03741666666666668
0 0.59033203125 0.16048437499999998 0.03402734375000005 0.038270833333333344
0 0.54052734375 0.12516145833333334 0.03448437500000008 0.036989583333333326
0 0.6650390625 0.5455729166666666 0.028105468749999928 0.04207291666666671
0 0.68603515625 0.5699895833333334 0.023820312500000006 0.03798437499999992
0 0.52587890625 0.10042187500000001 0.029753906250000028 0.034666666666666665
0 0.57421875 0.13077604166666668 0.03259375000000002 0.03649999999999999
0 0.68701171875 0.533203125 0.024093749999999935 0.03741666666666668
0 0.50341796875 0.12207291666666667 0.034605468750000055 0.035947916666666656
0 0.49194531250000006 0.10636458333333333 0.032652343750000055 0.04353645833333332
0 0.59423828125 0.1145 0.029816406249999972 0.03039583333333334
0 0.560546875 0.10294791666666667 0.03173828125 0.032369791666666654
0 0.60205078125 0.65853125 0.036222656250000006 0.05053645833333344
0 0.63232421875 0.5439479166666668 0.037535156250000055 0.051963541666666654
0 0.3681640625 0.310875 0.04553124999999998 0.057375000000000044
0 0.6650390625 0.5758489583333334 0.025328125000000055 0.031046875000000067
0 0.63330078125 0.58821875 0.02726562500000007 0.038411458333333336
0 0.66357421875 0.5950520833333334 0.024886718750000016 0.03377083333333341
0 0.66064453125 0.6305364583333334 0.02310156249999995 0.03574479166666673
0 0.39087109375 0.22607291666666668 0.043519531250000035 0.054364583333333334
0 0.6279296875 0.6673177083333334 0.024839843750000055 0.030640624999999963
0 0.48486328125 0.6341145833333334 0.03561328125000003 0.04911458333333343
0 0.3564453125 0.2583020833333334 0.04312109375000004 0.05794270833333336
0 0.60888671875 0.626953125 0.02970703125000007 0.0367031249999999
0 0.54833984375 0.7447916666666666 0.024933593749999972 0.03466666666666664
0 0.64599609375 0.6953125 0.025375000000000016 0.04321354166666656
0 0.544921875 0.7213541666666666 0.023695312499999944 0.030703124999999904
0 0.58349609375 0.7037760416666666 0.026550781249999923 0.03486979166666657
0 0.6845703125 0.594078125 0.022371093749999994 0.03181770833333341
0 0.63818359375 0.637046875 0.028335937499999984 0.04105729166666663
0 0.52783203125 0.748046875 0.021910156250000055 0.030984374999999887
0 0.3818359375 0.19091666666666668 0.040617187500000006 0.04748437499999998
0 0.626953125 0.69921875 0.024886718750000016 0.0381249999999999
0 0.49462890625 0.7174479166666666 0.023652343750000072 0.03466666666666664
0 0.6474609375 0.658203125 0.024277343750000034 0.0303958333333334
0 0.56689453125 0.716796875 0.024046874999999978 0.0338958333333333
0 0.62744140625 0.5712916666666668 0.021285156249999916 0.0342187499999999
0 0.5224609375 0.72265625 0.024183593749999944 0.031697916666666735
0 0.68017578125 0.623046875 0.023238281249999916 0.03356770833333324
0 0.34887890625 0.22493749999999998 0.044191406249999954 0.047645833333333346
0 0.60498046875 0.6946614583333334 0.024183593749999944 0.0284427083333334
0 0.46923828125 0.732421875 0.03259375000000002 0.050697916666666745
0 0.49389843750000006 0.7350260416666666 0.021988281249999984 0.0284427083333334
0 0.5107421875 0.7604166666666666 0.019011718750000028 0.023354166666666742
0 0.50634765625 0.7421875 0.021011718749999984 0.0264895833333334
0 0.67724609375 0.5153020833333334 0.03161718750000002 0.03421875000000003
0 0.49048046875000006 0.75390625 0.02279687500000005 0.02882812499999995
0 0.58349609375 0.5660833333333334 0.04458593749999995 0.0758072916666667
0 0.57080078125 0.748046875 0.022843750000000006 0.032572916666666646
0 0.47119140625 0.10986458333333333 0.018019531250000043 0.02478124999999999
0 0.34716796875 0.6500677083333334 0.027695312500000034 0.034932291666666754
0 0.7080078125 0.1258125 0.02700781249999995 0.03735416666666668
0 0.3564453125 0.6087239583333334 0.032164062499999965 0.039833333333333346
0 0.37329296875 0.6712239583333334 0.027800781250000028 0.035541666666666555
0 0.6845703125 0.6608072916666666 0.028214843750000006 0.05167708333333323
0 0.62939453125 0.7265625 0.0224609375 0.0314114583333333
0 0.64697265625 0.7278645833333334 0.02302734374999993 0.030515625000000077
0 0.36645703125 0.6461614583333334 0.03185937499999998 0.04083333333333338
0 0.59130859375 0.7493489583333334 0.02328515625000005 0.03288020833333339
0 0.38501171875 0.630859375 0.030960937499999997 0.0360937500000001
2 0.287109375 0.2635104166666667 0.07159374999999998 0.11840625000000002
2 0.340234375 0.5953125 0.3390625 0.6177083333333333 0.332421875 0.6401041666666667 0.330078125 0.6541666666666667 0.3328125 0.65625 0.334375 0.6697916666666667 0.34296875 0.6729166666666667 0.3625 0.7208333333333333 0.37265625 0.7192708333333333 0.3765625 0.721875 0.380859375 0.7213541666666666 0.39921875 0.6973958333333333 0.39921875 0.6848958333333334 0.393359375 0.6697916666666667 0.3953125 0.6552083333333333 0.4015625 0.6411458333333333 0.4078125 0.61875 0.41953125 0.5947916666666667 0.41953125 0.5848958333333333 0.4328125 0.5515625 0.4359375 0.5302083333333333 0.443359375 0.5161458333333333 0.45078125 0.4901041666666667 0.44375 0.4708333333333333 0.444140625 0.4666666666666667 0.423828125 0.4421875 0.417578125 0.4421875 0.416796875 0.4354166666666667 0.415234375 0.4354166666666667 0.413671875 0.4390625 0.416015625 0.44375 0.412109375 0.45677083333333335 0.39609375 0.4552083333333333 0.391015625 0.4588541666666667 0.36484375 0.5098958333333333 0.36328125 0.5260416666666666 0.34453125 0.553125 0.34296875 0.5880208333333333 0.340234375 0.5953125
2 0.260546875 0.45416666666666666 0.262109375 0.45989583333333334 0.259375 0.4708333333333333 0.2578125 0.4895833333333333 0.255078125 0.496875 0.25625 0.5052083333333334 0.26015625 0.5072916666666667 0.282421875 0.48854166666666665 0.294921875 0.4822916666666667 0.328515625 0.4588541666666667 0.341796875 0.45364583333333336 0.346484375 0.4322916666666667 0.345703125 0.4166666666666667 0.3375 0.39114583333333336 0.326171875 0.3729166666666667 0.3140625 0.36354166666666665 0.305078125 0.3640625 0.296875 0.3692708333333333 0.2953125 0.375 0.287890625 0.3848958333333333 0.28671875 0.3890625 0.2734375 0.40572916666666664 0.2671875 0.40625 0.264453125 0.40208333333333335 0.262890625 0.40260416666666665 0.255078125 0.4421875 0.255078125 0.4479166666666667 0.260546875 0.45416666666666666
2 0.210546875 0.3885416666666667 0.2125 0.39166666666666666 0.218359375 0.3932291666666667 0.220703125 0.4 0.227734375 0.4041666666666667 0.24453125 0.40520833333333334 0.2515625 0.3963541666666667 0.251953125 0.39166666666666666 0.25546875 0.38958333333333334 0.267578125 0.3932291666666667 0.27578125 0.3854166666666667 0.290625 0.3807291666666667 0.294140625 0.3765625 0.293359375 0.37083333333333335 0.29921875 0.3651041666666667 0.3078125 0.3625 0.318359375 0.36354166666666665 0.319140625 0.36041666666666666 0.31796875 0.3494791666666667 0.3140625 0.3385416666666667 0.298828125 0.34322916666666664 0.292578125 0.3421875 0.287890625 0.33697916666666666 0.259375 0.33541666666666664 0.252734375 0.3416666666666667 0.24765625 0.35260416666666666 0.24296875 0.3567708333333333 0.21640625 0.36041666666666666 0.209765625 0.36875 0.20859375 0.3770833333333333 0.210546875 0.3885416666666667
2 0.43515625 0.6270833333333333 0.4421875 0.6338541666666667 0.4421875 0.6364583333333333 0.448828125 0.6416666666666667 0.4484375 0.6552083333333333 0.44296875 0.6557291666666667 0.441796875 0.6583333333333333 0.45078125 0.675 0.4703125 0.6739583333333333 0.475390625 0.6703125 0.48046875 0.6697916666666667 0.4828125 0.6661458333333333 0.5078125 0.6661458333333333 0.513671875 0.6697916666666667 0.521484375 0.6697916666666667 0.531640625 0.6645833333333333 0.53828125 0.6661458333333333 0.55234375 0.659375 0.553515625 0.6578125 0.551171875 0.6489583333333333 0.55859375 0.6447916666666667 0.564453125 0.6463541666666667 0.568359375 0.6432291666666666 0.576171875 0.6432291666666666 0.580078125 0.640625 0.583984375 0.6484375 0.58671875 0.6421875 0.582421875 0.6380208333333334 0.580078125 0.6307291666666667 0.57890625 0.61875 0.580859375 0.6140625 0.578515625 0.6083333333333333 0.579296875 0.603125 0.58359375 0.6026041666666667 0.58984375 0.5973958333333333 0.6 0.5953125 0.606640625 0.5796875 0.60625 0.5765625 0.608203125 0.571875 0.607421875 0.5640625 0.604296875 0.5588541666666667 0.599609375 0.5328125 0.5953125 0.528125 0.58671875 0.5276041666666667 0.576171875 0.5369791666666667 0.5609375 0.5369791666666667 0.540625 0.5484375 0.53671875 0.5484375 0.51953125 0.55625 0.51328125 0.5552083333333333 0.50078125 0.565625 0.496875 0.5645833333333333 0.4875 0.5765625 0.44296875 0.5942708333333333 0.434375 0.6145833333333334 0.43359375 0.6203125 0.43515625 0.6270833333333333
2 0.30710546875 0.5634427083333333 0.06109375000000004 0.125875