2 0.371875 0.3754687500000001 0.17265625 0.47489062500000007
0 0.53359375 0.33046875 0.04375 0.05572916666666667
0 0.51513671875 0.2889010416666667 0.04098437500000003 0.05912499999999999
0 0.57373046875 0.3336614583333333 0.039488281250000055 0.052369791666666644
0 0.60986328125 0.33284375 0.03811718749999997 0.051760416666666725
0 0.56103515625 0.283203125 0.04138281250000002 0.0548489583333333
0 0.5146484375 0.23828125 0.038820312500000044 0.05159374999999997
0 0.501953125 0.2023125 0.03677343749999995 0.05383333333333334
0 0.599609375 0.2858072916666667 0.03854296875000003 0.05314062499999998
0 0.57958984375 0.3841145833333333 0.043031249999999945 0.054036458333333336
0 0.595703125 0.4313177083333333 0.04138281250000002 0.053953124999999956
0 0.6416015625 0.3289375 0.03396484374999993 0.04821874999999996
0 0.58642578125 0.235515625 0.040464843750000055 0.05444270833333332
0 0.6171875 0.3828125 0.03781250000000007 0.05053645833333332
0 0.63330078125 0.2833645833333333 0.03527734374999998 0.04984375000000003
0 0.6708984375 0.329265625 0.03155468750000008 0.04435416666666671
0 0.63427734375 0.47754166666666664 0.03372265624999997 0.046671874999999946
0 0.66259765625 0.2864583333333333 0.031019531249999944 0.04337499999999998
0 0.60107421875 0.4791666666666667 0.04037500000000005 0.049192708333333356
0 0.53515625 0.18213020833333332 0.03860546874999997 0.05069791666666668
0 0.6748046875 0.375 0.03185937499999998 0.044802083333333326
0 0.6494140625 0.24577083333333333 0.03137109374999998 0.04410937500000003
0 0.64697265625 0.3785833333333333 0.034242187499999945 0.0475677083333333
0 0.62939453125 0.4296875 0.03436328124999992 0.049479166666666664
0 0.548828125 0.22444791666666666 0.03955078125 0.05717187499999999
0 0.57177734375 0.18847916666666667 0.03942968750000002 0.04984375000000003
0 0.66015625 0.46582291666666664 0.03436328124999992 0.04785416666666661
0 0.66064453125 0.4212239583333333 0.033265624999999945 0.04874479166666663
0 0.51318359375 0.15144791666666665 0.035554687499999994 0.041604166666666664
0 0.6064453125 0.20068229166666668 0.03594921875000008 0.04565624999999998
0 0.5556640625 0.1540520833333333 0.03823828124999995 0.04223437500000002
0 0.68505859375 0.414390625 0.029585937499999916 0.04353645833333329
0 0.623046875 0.5201822916666666 0.03811718749999997 0.0486666666666667
0 0.47241406250000006 0.141765625 0.03430078124999998 0.04044791666666665
0 0.6396484375 0.20735937499999998 0.032777343749999945 0.041135416666666674
0 0.47729687500000006 0.176921875 0.03561328125000003 0.054364583333333334
0 0.63916015625 0.5517604166666668 0.03125 0.04435416666666665
0 0.62353515625 0.170734375 0.033265624999999945 0.03735416666666668
0 0.6845703125 0.45801041666666664 0.028488281249999935 0.04443229166666664
0 0.60546875 0.14273958333333334 0.034425781250000044 0.03885937500000001
0 0.59765625 0.57421875 0.03594921875000008 0.045572916666666664
0 0.5908203125 0.161296875 0.03561328125000003 0.04135937499999998
0 0.494140625 0.10432812500000001 0.03353906250000005 0.042072916666666654
0 0.54052734375 0.13053645833333333 0.03561328125000003 0.045572916666666664
0 0.68603515625 0.496421875 0.029250000000000043 0.0405885416666667
0 0.6416015625 0.58984375 0.028441406249999978 0.03908333333333332
0 0.58544921875 0.5211614583333334 0.04000781250000003 0.051677083333333346
0 0.6201171875 0.23877083333333332 0.03494140624999993 0.04821875000000002
0 0.52734375 0.10172395833333334 0.034089843749999994 0.038572916666666665
0 0.50634765625 0.12597916666666667 0.03448437500000008 0.03960937499999999
0 0.63916015625 0.6435572916666668 0.02700781249999995 0.03649999999999996
0 0.66552734375 0.5797552083333334 0.026808593750000043 0.038411458333333336
0 0.5615234375 0.10376041666666666 0.03289843749999992 0.03428125
0 0.58837890625 0.6383489583333334 0.02816796875000005 0.03466666666666664
0 0.5888671875 0.6611354166666668 0.02865625000000005 0.03466666666666664
0 0.58740234375 0.609375 0.03155468750000008 0.03769791666666673
0 0.6611328125 0.5361354166666668 0.03567578124999997 0.05082291666666663
0 0.59423828125 0.11588541666666667 0.03091406249999995 0.030984375000000005
0 0.60595703125 0.6783854166666666 0.025664062499999928 0.03324479166666663
0 0.615234375 0.5911458333333334 0.029585937499999916 0.04083333333333338
0 0.66357421875 0.6061197916666666 0.024933593749999972 0.03324479166666663
0 0.64453125 0.6927083333333334 0.025039062499999966 0.03747395833333324
0 0.6474609375 0.6591822916666668 0.022980468749999972 0.0284427083333334
0 0.61669921875 0.6243489583333334 0.028703125000000006 0.03501562500000001
0 0.3298359375 0.3968125 0.038972656249999994 0.05603124999999996
0 0.34008984375 0.4508489583333333 0.037109375 0.05578645833333328
0 0.58642578125 0.47103125 0.023695312499999944 0.0397552083333333
0 0.5791015625 0.4274114583333333 0.020445312500000055 0.038859374999999946
0 0.615234375 0.6513697916666668 0.027222656250000022 0.03338541666666662
0 0.58447265625 0.701171875 0.024660156250000044 0.035890624999999926
0 0.6796875 0.6236979166666666 0.02433593750000007 0.033000000000000064
0 0.3513203125 0.501953125 0.035554687499999994 0.05444270833333332
0 0.35400390625 0.3208020833333334 0.031675781249999965 0.056760416666666674
0 0.54150390625 0.6959635416666666 0.025421874999999972 0.035890624999999926
0 0.6279296875 0.666015625 0.025558593749999935 0.029031249999999887
0 0.685546875 0.5673854166666668 0.022933593750000016 0.035947916666666656
0 0.68212890625 0.6002604166666666 0.023421875000000016 0.037557291666666735
0 0.32153515625 0.3444010416666667 0.03650000000000002 0.052083333333333336
0 0.56494140625 0.716796875 0.023652343750000072 0.029317708333333314
0 0.66845703125 0.6471354166666666 0.019562499999999972 0.02838020833333322
0 0.5771484375 0.5924479166666666 0.021210937500000072 0.03997916666666678
0 0.609375 0.70703125 0.022843750000000006 0.02716145833333338
0 0.6591796875 0.6328125 0.021242187500000044 0.03001041666666661
0 0.54248046875 0.7233072916666666 0.025621093750000056 0.02752604166666662
0 0.6103515625 0.7376302083333334 0.021210937500000072 0.035218749999999945
0 0.62841796875 0.73046875 0.020796874999999916 0.032447916666666764
0 0.6279296875 0.7102864583333334 0.019636718749999994 0.02772916666666655
0 0.31469921875 0.255859375 0.036222656250000006 0.05025000000000001
0 0.317140625 0.297203125 0.035890624999999954 0.05188020833333328
0 0.35009765625 0.27246354166666664 0.031203125000000043 0.053953124999999984
0 0.5498046875 0.7486979166666666 0.022371093749999994 0.035890624999999926
0 0.5927734375 0.7532552083333334 0.02091796875000007 0.028604166666666705
0 0.6767578125 0.7083333333333334 0.021085937500000006 0.030802083333333268
0 0.68798828125 0.5322291666666666 0.023652343750000072 0.03615104166666671
0 0.6845703125 0.6888020833333334 0.017777343750000084 0.02485937500000001
0 0.591796875 0.7311197916666666 0.021621093749999966 0.026447916666666772
0 0.34790234375 0.22802604166666668 0.027847656249999984 0.04626562500000002
0 0.64599609375 0.7265625 0.019714843749999923 0.028869791666666582
2 0.40771484375 0.7936197916666666 0.16369531249999997 0.14729687499999997
0 0.56982421875 0.7526041666666666 0.018875000000000065 0.02695833333333345
0 0.58544921875 0.5657552083333334 0.019835937500000077 0.030354166666666772
2 0.44185546875000004 0.6861666666666667 0.21587890625000003 0.12157291666666671
0 0.367921875 0.382953125 0.039277343749999985 0.06790625000000006
0 0.3821171875 0.4389166666666667 0.04157812500000002 0.05095833333333329
0 0.39651171875 0.5019270833333334 0.05611718750000003 0.0743072916666667
0 0.41288671875 0.5568645833333333 0.05292187500000001 0.06568229166666667
0 0.27531640625 0.26235416666666667 0.06837499999999999 0.08605208333333335
0 0.27259375 0.44141145833333334 0.09760937499999996 0.21514062500000003
0 0.45112890625 0.7041927083333334 0.05594140625000001 0.03716666666666673
0 0.5172656250000001 0.6870260416666666 0.02514062500000005 0.05618750000000006
0 0.52032421875 0.7266458333333333 0.024460937499999957 0.023682291666666563
0 0.5072265625 0.7489479166666667 0.024687499999999928 0.02097916666666677
0 0.4977890625 0.7673229166666666 0.02544140625000004 0.016458333333333287
0 0.56535546875 0.7110416666666667 0.02317578124999997 0.054890624999999936