2 0.3970703125 0.32890625 0.101953125 0.22447916666666667
0 0.5427734375 0.24765625 0.043359375 0.06302083333333333
0 0.5029296875 0.21109895833333334 0.03942968750000002 0.05969270833333334
0 0.56884765625 0.333984375 0.04577734375000002 0.05139062500000004
0 0.48022656250000006 0.18603645833333332 0.037046875000000055 0.061604166666666654
0 0.53466796875 0.19270833333333334 0.038332031250000044 0.05749479166666666
0 0.5703125 0.19564062499999998 0.03933593749999993 0.05509374999999998
0 0.607421875 0.330890625 0.038175781250000006 0.050984375000000054
0 0.58544921875 0.23860937499999998 0.04031249999999993 0.05025000000000001
0 0.47290234375000006 0.150390625 0.035554687499999994 0.04732291666666667
0 0.6630859375 0.29134375 0.03155468750000008 0.04410937500000003
0 0.5126953125 0.1589375 0.03662109375 0.045979166666666654
0 0.578125 0.390953125 0.04553124999999998 0.05188020833333328
0 0.64013671875 0.333984375 0.03390625000000007 0.04748437500000004
0 0.6171875 0.38671875 0.038023437500000055 0.049598958333333346
0 0.63037109375 0.435546875 0.035402343750000044 0.049192708333333356
0 0.66845703125 0.3346354166666667 0.03210546875000002 0.04435416666666671
0 0.6005859375 0.2830416666666667 0.037535156250000055 0.04903125000000002
0 0.61962890625 0.24365104166666665 0.036070312500000055 0.04634374999999998
0 0.6748046875 0.3802083333333333 0.03137109374999998 0.045041666666666674
2 0.45556640625 0.498046875 0.10070703124999998 0.11531770833333331
0 0.5556640625 0.16096875 0.03845312500000002 0.044270833333333336
0 0.6064453125 0.20458854166666668 0.035890625000000044 0.04353645833333335
0 0.58984375 0.4407552083333333 0.04360937499999995 0.04821874999999996
0 0.64013671875 0.21158854166666666 0.03390625000000007 0.04083333333333332
0 0.6328125 0.28825 0.03488281250000007 0.04785416666666669
0 0.64990234375 0.2504895833333333 0.032164062500000055 0.042807291666666636
0 0.68505859375 0.4192708333333333 0.029207031249999994 0.04288541666666663
0 0.5400390625 0.13541666666666666 0.03561328125000003 0.04345833333333335
0 0.62353515625 0.17676041666666667 0.032289062499999945 0.039609374999999974
0 0.4931640625 0.11222395833333335 0.032777343749999945 0.046875000000000014
0 0.59033203125 0.16463020833333333 0.035218749999999945 0.04044791666666665
0 0.66259765625 0.47103125 0.030625000000000034 0.044026041666666654
0 0.66015625 0.42676041666666664 0.03185937499999998 0.0475677083333333
0 0.6474609375 0.38379166666666664 0.032652343750000055 0.04801562500000003
0 0.60546875 0.1462395833333333 0.033203125 0.03798437500000002
0 0.63330078125 0.48144791666666664 0.03594921875000008 0.04748437500000004
2 0.54052734375 0.582359375 0.14441015625000003 0.15893749999999998
0 0.64013671875 0.5579427083333334 0.031312499999999945 0.039000000000000055
2 0.2868671875 0.400390625 0.08929296874999997 0.19254687500000003
0 0.68701171875 0.5013020833333334 0.027113281249999944 0.040364583333333336
0 0.57421875 0.13566145833333335 0.03454687500000002 0.039833333333333346
0 0.5068359375 0.13126562500000002 0.03515625 0.04128125000000001
0 0.52685546875 0.10693229166666667 0.032652343750000055 0.037270833333333336
2 0.29126171875 0.27034375 0.0703125 0.11588541666666667
0 0.59375 0.120359375 0.031019531249999944 0.032125
0 0.66357421875 0.5126979166666666 0.02970703125000007 0.04264583333333327
0 0.56005859375 0.10847916666666667 0.0322265625 0.03300000000000001
0 0.55615234375 0.291828125 0.035890625000000044 0.0470364583333333
0 0.62255859375 0.515625 0.027328125000000016 0.03930729166666662
0 0.634765625 0.5247395833333334 0.03271484375 0.042562499999999955
0 0.68408203125 0.6051458333333334 0.02302734374999993 0.03486979166666657
0 0.68603515625 0.5719427083333334 0.022886718750000055 0.03574479166666673
0 0.54736328125 0.7291666666666666 0.019562499999999972 0.03792187499999997
0 0.6669921875 0.5498072916666668 0.02700781249999995 0.03713020833333332
0 0.6796875 0.6276041666666666 0.02091796875000007 0.030171874999999914
0 0.55078125 0.751953125 0.022109374999999966 0.03306250000000001
0 0.68603515625 0.461265625 0.026503906249999966 0.040671874999999955
0 0.53466796875 0.7552083333333334 0.016343750000000056 0.0262447916666666
0 0.68798828125 0.5367864583333334 0.022414062500000043 0.035807291666666664
0 0.57080078125 0.75 0.022246093749999928 0.028218749999999914
0 0.62841796875 0.7350260416666666 0.020492187500000016 0.027364583333333314
0 0.49267578125 0.7630208333333334 0.024933593749999972 0.03460937499999991
0 0.47876171875000006 0.775390625 0.020218750000000084 0.027953125000000037
0 0.59228515625 0.7571614583333334 0.021363281250000022 0.02463541666666676
2 0.38501171875 0.263671875 0.07208203124999998 0.09561979166666665
0 0.4892578125 0.7037760416666666 0.024046874999999978 0.0445156249999999
0 0.6435546875 0.7278645833333334 0.017578125 0.026651041666666705
0 0.493359375 0.6661458333333333 0.49296875 0.671875 0.490234375 0.6739583333333333 0.4859375 0.6734375 0.48515625 0.6776041666666667 0.491796875 0.6770833333333334 0.498046875 0.6833333333333333 0.502734375 0.6994791666666667 0.5 0.7046875 0.5015625 0.7067708333333333 0.505859375 0.7052083333333333 0.513671875 0.7104166666666667 0.51953125 0.7104166666666667 0.524609375 0.7078125 0.541015625 0.7072916666666667 0.55625 0.6994791666666667 0.57421875 0.6958333333333333 0.593359375 0.6875 0.59921875 0.6901041666666666 0.6078125 0.6822916666666666 0.637109375 0.6890625 0.64375 0.696875 0.6484375 0.6989583333333333 0.65390625 0.70625 0.662109375 0.671875 0.661328125 0.665625 0.6546875 0.6541666666666667 0.649609375 0.6494791666666667 0.6390625 0.6197916666666666 0.6390625 0.603125 0.631640625 0.5953125 0.625390625 0.5958333333333333 0.625 0.5880208333333333 0.623046875 0.5859375 0.61640625 0.5880208333333333 0.617578125 0.5932291666666667 0.614453125 0.5984375 0.6109375 0.596875 0.607421875 0.6010416666666667 0.59609375 0.603125 0.59296875 0.6078125 0.580078125 0.6135416666666667 0.5765625 0.6171875 0.55703125 0.621875 0.55234375 0.625 0.548828125 0.6203125 0.544140625 0.6182291666666667 0.544921875 0.60625 0.541015625 0.6015625 0.519140625 0.6098958333333333 0.5109375 0.6109375 0.50390625 0.61875 0.4953125 0.6192708333333333 0.489917651953125 0.6269777588541667 0.493359375 0.628125 0.49765625 0.6348958333333333 0.49140625 0.6390625 0.48515625 0.6390625 0.474609375 0.6463541666666667 0.4703125 0.6453125 0.47421875 0.6557291666666667 0.4859375 0.6578125 0.49140625 0.6619791666666667 0.493359375 0.6661458333333333
0 0.8105625 0.32897916666666666 0.007003906250000113 0.000609375000000038
2 0.5628437500000001 0.6551666666666667 0.16164453124999997 0.10313020833333345
2 0.37720703125 0.7327291666666667 0.06780078124999997 0.06845312499999992
2 0.44214453125000003 0.7858645833333333 0.02267968749999998 0.05059374999999993