0 0.53359375 0.3453125 0.04375 0.05416666666666667
2 0.2865999689402079 0.4048704993390287 0.07700083707216407 0.1940770353312736
0 0.5456262030963221 0.40528083886099864 0.047434608637462 0.06977669759109481
0 0.5059096344849516 0.20746674236456955 0.03730083362713561 0.06908029304061097
0 0.5703125 0.3282877604166667 0.04345703125 0.055379231770833336
0 0.56201171875 0.28125 0.043853759765625 0.057169596354166664
0 0.5810546875 0.3850911458333333 0.042633056640625 0.053466796875
0 0.60693359375 0.3255208333333333 0.0384521484375 0.051106770833333336
0 0.61669921875 0.3821614583333333 0.038116455078125 0.050618489583333336
0 0.6015625 0.2781575520833333 0.037750244140625 0.051188151041666664
0 0.640625 0.3287760416666667 0.03533935546875 0.0491943359375
0 0.66357421875 0.28662109375 0.0312042236328125 0.043538411458333336
0 0.67041015625 0.3307291666666667 0.03143310546875 0.044881184895833336
0 0.58544921875 0.23600260416666666 0.0411376953125 0.055908203125
0 0.6337890625 0.283203125 0.03515625 0.047566731770833336
0 0.6748046875 0.3756510416666667 0.031494140625 0.0452880859375
0 0.66064453125 0.4225260416666667 0.033203125 0.049031575520833336
0 0.64990234375 0.24609375 0.03143310546875 0.043131510416666664
0 0.62060546875 0.2392578125 0.035888671875 0.0482177734375
0 0.64697265625 0.37890625 0.03460693359375 0.047770182291666664
0 0.54296875 0.244140625 0.042083740234375 0.05859375
0 0.68603515625 0.4153645833333333 0.02880859375 0.042805989583333336
0 0.59521484375 0.4342447916666667 0.03955078125 0.052083333333333336
0 0.60693359375 0.19938151041666666 0.03607177734375 0.04345703125
0 0.47216796875 0.145263671875 0.034881591796875 0.045979817708333336
0 0.6298828125 0.4306640625 0.035400390625 0.049031575520833336
0 0.6845703125 0.4586588541666667 0.0272216796875 0.042317708333333336
0 0.68701171875 0.4970703125 0.027008056640625 0.040506998697916664
0 0.51318359375 0.15299479166666666 0.0360107421875 0.043375651041666664
0 0.640625 0.20833333333333334 0.0345458984375 0.0408935546875
0 0.53515625 0.18880208333333334 0.037811279296875 0.055582682291666664
0 0.654296875 0.466796875 0.043701171875 0.0491943359375
0 0.556640625 0.15592447916666666 0.03875732421875 0.0439453125
0 0.62451171875 0.1708984375 0.0341796875 0.038350423177083336
0 0.47802734375 0.18017578125 0.03607177734375 0.058919270833333336
0 0.505859375 0.12825520833333334 0.034027099609375 0.042887369791666664
0 0.5693359375 0.19368489583333334 0.040374755859375 0.059122721354166664
0 0.59130859375 0.16097005208333334 0.035400390625 0.041748046875
0 0.60595703125 0.14274088541666666 0.0341796875 0.039225260416666664
0 0.63330078125 0.5445963541666666 0.04052734375 0.052571614583333336
0 0.587890625 0.6455078125 0.033782958984375 0.054361979166666664
0 0.541015625 0.13167317708333334 0.03643798828125 0.047037760416666664
0 0.5625 0.7076822916666666 0.02606201171875 0.042805989583333336
0 0.66650390625 0.544921875 0.0271148681640625 0.039754231770833336
0 0.494140625 0.105224609375 0.032958984375 0.044962565104166664
0 0.607421875 0.576171875 0.03289794921875 0.042236328125
0 0.66552734375 0.5784505208333334 0.026458740234375 0.037272135416666664
0 0.638671875 0.640625 0.0268096923828125 0.036702473958333336
0 0.64111328125 0.5901692708333334 0.028656005859375 0.038350423177083336
0 0.65478515625 0.5048828125 0.042572021484375 0.050984700520833336
0 0.6640625 0.6070963541666666 0.02508544921875 0.033243815104166664
0 0.6142578125 0.5947265625 0.0325927734375 0.044270833333333336
0 0.6162109375 0.6233723958333334 0.02880859375 0.034932454427083336
0 0.52783203125 0.10205078125 0.034423828125 0.038859049479166664
0 0.5146484375 0.7415364583333334 0.0240478515625 0.042561848958333336
0 0.57470703125 0.13240559895833334 0.034881591796875 0.042399088541666664
0 0.5859375 0.6145833333333334 0.0299835205078125 0.039449055989583336
0 0.61572265625 0.6487630208333334 0.0273284912109375 0.029886881510416668
0 0.685546875 0.5673828125 0.0213623046875 0.031758626302083336
0 0.68310546875 0.5986328125 0.021484375 0.033894856770833336
0 0.59521484375 0.11588541666666667 0.03179931640625 0.030985514322916668
0 0.650390625 0.66796875 0.0248870849609375 0.03521728515625
0 0.66064453125 0.6318359375 0.023651123046875 0.031107584635416668
0 0.67919921875 0.6243489583333334 0.021820068359375 0.03070068359375
0 0.56201171875 0.103759765625 0.03302001953125 0.033121744791666664
0 0.60693359375 0.6822916666666666 0.0252227783203125 0.035135904947916664
2 0.290771484375 0.2646484375 0.06890869140625 0.11181640625
0 0.62841796875 0.6770833333333334 0.0258636474609375 0.0374755859375
0 0.64013671875 0.6184895833333334 0.0258636474609375 0.033182779947916664
0 0.58544921875 0.7024739583333334 0.024658203125 0.039388020833333336
0 0.6494140625 0.6901041666666666 0.0219879150390625 0.030008951822916668
2 0.41796875 0.755859375 0.05987548828125 0.08011881510416667
0 0.5341796875 0.76171875 0.0226287841796875 0.022216796875
0 0.68798828125 0.5315755208333334 0.023773193359375 0.034810384114583336
0 0.60888671875 0.7083333333333334 0.02215576171875 0.023356119791666668
0 0.64501953125 0.7291666666666666 0.019012451171875 0.024027506510416668
0 0.6279296875 0.7317708333333334 0.0196380615234375 0.025105794270833332
0 0.6298828125 0.7115885416666666 0.022247314453125 0.021952311197916668
0 0.591796875 0.7526041666666666 0.021331787109375 0.026448567708333332
0 0.60986328125 0.7395833333333334 0.0197601318359375 0.031697591145833336
0 0.5693359375 0.75 0.01751708984375 0.030049641927083332
0 0.552734375 0.75 0.021575927734375 0.040445963541666664
0 0.59033203125 0.732421875 0.02215576171875 0.024169921875
0 0.4912109375 0.748046875 0.0222930908203125 0.020334879557291668
0 0.578125 0.76171875 0.01678466796875 0.0213623046875