0 0.5041015625 0.20677083333333332 0.040234375 0.0625
0 0.5318359375 0.3458333333333333 0.042578125 0.05416666666666667
2 0.4015625 0.3997395833333333 0.2296875 0.5161458333333333
0 0.5693359375 0.33040625 0.043855468749999994 0.05717187499999999
0 0.5615234375 0.2814114583333333 0.044007812499999945 0.05623437500000002
0 0.61572265625 0.383140625 0.03854296875000003 0.050901041666666674
0 0.6015625 0.2799479166666667 0.03823828124999995 0.05216666666666668
0 0.5849609375 0.237140625 0.04113671874999998 0.05623437500000002
0 0.66357421875 0.2890625 0.031082031250000065 0.045817708333333346
0 0.63916015625 0.33040625 0.03549218750000005 0.049031250000000054
0 0.646484375 0.380859375 0.0341796875 0.048463541666666644
0 0.673828125 0.37728125 0.03091406249999995 0.04488020833333337
0 0.68505859375 0.41634375 0.02880859375 0.041218750000000054
0 0.650390625 0.24772395833333333 0.032164062500000055 0.044270833333333336
0 0.66796875 0.3318697916666667 0.03091406249999995 0.045125000000000054
0 0.6337890625 0.2846666666666666 0.03561328125000003 0.048463541666666644
0 0.6201171875 0.241375 0.035734375000000006 0.04838020833333333
0 0.62939453125 0.4309895833333333 0.03683593750000007 0.05118749999999998
0 0.65576171875 0.46777604166666664 0.03823828124999995 0.04874479166666663
0 0.607421875 0.20084895833333333 0.03594921875000008 0.04418750000000002
0 0.53515625 0.18652604166666667 0.03811718749999997 0.056520833333333326
0 0.54345703125 0.24511979166666667 0.043519531249999945 0.060911458333333356
0 0.63916015625 0.20866145833333333 0.03289843749999992 0.03997916666666666
0 0.47265625 0.14396354166666667 0.033781250000000006 0.04321354166666668
0 0.68603515625 0.49902604166666664 0.02670312500000005 0.03989583333333328
0 0.51318359375 0.15332291666666667 0.036070312500000055 0.04313020833333332
0 0.65869140625 0.5094427083333334 0.03500390625000005 0.04626562499999996
0 0.68505859375 0.4593125 0.027328125000000016 0.041135416666666674
0 0.55615234375 0.15625 0.03839062500000008 0.043296875
0 0.62548828125 0.17398958333333334 0.035890625000000044 0.039223958333333364
0 0.6337890625 0.546875 0.04248046875 0.05558333333333329
0 0.47680859375000006 0.17984895833333334 0.03488281250000007 0.058921875
0 0.630859375 0.4879583333333333 0.03845312500000002 0.0553802083333333
0 0.5068359375 0.12890625 0.03549218750000005 0.042317708333333336
0 0.60595703125 0.14347395833333335 0.03448437500000008 0.037781249999999995
0 0.591796875 0.162921875 0.035554687499999994 0.04050520833333333
0 0.64013671875 0.5904947916666666 0.030105468750000065 0.038411458333333336
0 0.4951171875 0.10481770833333333 0.033265624999999945 0.04256250000000002
0 0.541015625 0.13102083333333334 0.035734375000000006 0.044270833333333336
0 0.56982421875 0.19466145833333334 0.04083203125000008 0.059895833333333336
0 0.5283203125 0.10172395833333334 0.03469921874999997 0.03664062500000001
0 0.66357421875 0.58203125 0.026261718750000006 0.03466666666666664
0 0.63818359375 0.64290625 0.026062499999999923 0.03344791666666656
0 0.34887890625 0.396484375 0.04183984374999996 0.057619791666666725
0 0.5751953125 0.13265104166666666 0.03454687500000002 0.039671874999999995
0 0.36279296875 0.4528020833333333 0.04232812499999996 0.05814583333333338
0 0.64013671875 0.6184895833333334 0.026261718750000006 0.03306250000000001
0 0.369875 0.31721875 0.037535156249999965 0.059364583333333346
0 0.3337421875 0.347984375 0.041230468749999985 0.055906249999999956
0 0.61474609375 0.6227239583333334 0.02914453125000005 0.03448437500000002
0 0.5625 0.10432812500000001 0.03338671874999992 0.03300000000000001
0 0.328125 0.3002916666666666 0.039796875000000044 0.05497395833333331
0 0.662109375 0.6080729166666666 0.024382812500000028 0.03159374999999993
0 0.6591796875 0.4225260416666667 0.03347656249999993 0.04838020833333338
0 0.59423828125 0.11588541666666667 0.03210546875000002 0.03039583333333334
0 0.6142578125 0.5973333333333334 0.031144531250000006 0.03871875000000007
0 0.3220234375 0.2578125 0.036710937500000006 0.05224479166666664
0 0.65966796875 0.634765625 0.02302734374999993 0.030640624999999963
0 0.66650390625 0.547203125 0.029039062500000056 0.0392239583333333
0 0.359375 0.2718125 0.036347656249999985 0.05529687500000001
0 0.6787109375 0.625 0.02091796875000007 0.02838020833333322
0 0.68115234375 0.6028645833333334 0.019636718749999994 0.03086458333333345
0 0.6845703125 0.5673854166666668 0.022246093749999928 0.03001041666666661
0 0.35546875 0.22802604166666668 0.03402734374999996 0.05004687500000002
0 0.625 0.669921875 0.023863281250000055 0.02056770833333322
0 0.68701171875 0.5345052083333334 0.024703124999999916 0.03755729166666667
2 0.44811328125000005 0.6345520833333332 0.1516953125 0.10271354166666669
2 0.46419921875 0.6267447916666666 0.00039843749999999287 0.003395833333333324
0 0.523828125 0.40989583333333335 0.530078125 0.4197916666666667 0.53671875 0.4239583333333333 0.544921875 0.4244791666666667 0.553515625 0.4197916666666667 0.558984375 0.4125 0.5625 0.4036458333333333 0.562109375 0.39166666666666666 0.55859375 0.38229166666666664 0.5546875 0.37604166666666666 0.54609375 0.37083333333333335 0.53984375 0.37083333333333335 0.52890625 0.37447916666666664 0.5203125 0.3880208333333333 0.519921875 0.39791666666666664 0.523828125 0.40989583333333335
0 0.57578125 0.4276041666666667 0.573046875 0.4390625 0.576171875 0.44583333333333336 0.584765625 0.45625 0.5921875 0.46041666666666664 0.600390625 0.46041666666666664 0.6078125 0.4552083333333333 0.61171875 0.44947916666666665 0.613671875 0.4390625 0.6125 0.4234375 0.61015625 0.41822916666666665 0.60390625 0.4119791666666667 0.59453125 0.409375 0.586328125 0.41302083333333334 0.58125 0.4192708333333333 0.576953125 0.41770833333333335 0.576171875 0.41458333333333336 0.571875 0.41770833333333335 0.571484375 0.4203125 0.57578125 0.4276041666666667
0 0.5640625 0.39895833333333336 0.567578125 0.40520833333333334 0.57421875 0.4109375 0.579296875 0.41302083333333334 0.5875 0.4119791666666667 0.59375 0.4083333333333333 0.5984375 0.4 0.60078125 0.39114583333333336 0.59921875 0.3765625 0.5953125 0.36822916666666666 0.587890625 0.3614583333333333 0.58203125 0.359375 0.57578125 0.35989583333333336 0.566796875 0.36614583333333334 0.560546875 0.375 0.559765625 0.38125 0.5640625 0.39895833333333336
0 0.589453125 0.5109375 0.59921875 0.515625 0.60390625 0.515625 0.616796875 0.5036458333333333 0.619140625 0.4953125 0.619140625 0.48125 0.616796875 0.4744791666666667 0.608984375 0.4661458333333333 0.600390625 0.4609375 0.58359375 0.45989583333333334 0.579296875 0.465625 0.576171875 0.4739583333333333 0.57734375 0.4859375 0.589453125 0.5109375
0 0.40078125 0.5098958333333333 0.405859375 0.5161458333333333 0.4125 0.5197916666666667 0.421875 0.5197916666666667 0.429296875 0.5161458333333333 0.43359375 0.5104166666666666 0.434375 0.5057291666666667 0.430859375 0.4901041666666667 0.422265625 0.4630208333333333 0.41953125 0.459375 0.411328125 0.459375 0.402734375 0.4640625 0.3984375 0.46927083333333336 0.39453125 0.4817708333333333 0.395703125 0.4979166666666667 0.40078125 0.5098958333333333
0 0.3609375 0.5213541666666667 0.3671875 0.5296875 0.37421875 0.5348958333333333 0.383203125 0.5359375 0.38984375 0.5328125 0.3984375 0.5166666666666667 0.396875 0.5046875 0.392578125 0.49114583333333334 0.384375 0.48020833333333335 0.375390625 0.4796875 0.366796875 0.48333333333333334 0.361328125 0.490625 0.35859375 0.49895833333333334 0.358203125 0.5052083333333334 0.3609375 0.5213541666666667
0 0.383203125 0.5796875 0.388671875 0.5859375 0.3921875 0.5880208333333333 0.40703125 0.5859375 0.415234375 0.5765625 0.41640625 0.5651041666666666 0.409765625 0.546875 0.404296875 0.5375 0.396875 0.5354166666666667 0.388671875 0.5369791666666667 0.38203125 0.5442708333333334 0.3796875 0.5494791666666666 0.379296875 0.5645833333333333 0.383203125 0.5796875
0 0.421875 0.571875 0.43515625 0.5755208333333334 0.44921875 0.571875 0.4515625 0.5598958333333334 0.440234375 0.528125 0.437890625 0.525 0.427734375 0.5208333333333334 0.4203125 0.5223958333333333 0.415234375 0.5291666666666667 0.412109375 0.5380208333333333 0.412109375 0.5526041666666667 0.421875 0.571875
2 0.44033203125 0.6435156249999999 0.1740234375 0.07846874999999992
2 0.255859375 0.3 0.259375 0.31302083333333336 0.26640625 0.3171875 0.278515625 0.3140625 0.280859375 0.30833333333333335 0.287109375 0.30416666666666664 0.28984375 0.2984375 0.288671875 0.2677083333333333 0.286328125 0.2546875 0.28828125 0.24583333333333332 0.292578125 0.23958333333333334 0.29296875 0.2359375 0.290234375 0.22916666666666666 0.291015625 0.22447916666666667 0.2828125 0.22552083333333334 0.277734375 0.2328125 0.273046875 0.2359375 0.263671875 0.2515625 0.259375 0.2557291666666667 0.25546875 0.2682291666666667 0.253515625 0.2791666666666667 0.255859375 0.3