0 0.38809375 0.27852604166666667 0.151171875 0.2708333333333333
0 0.401953125 0.2765625 0.04609375 0.059375
0 0.3916015625 0.22630208333333332 0.042578125 0.0546875
0 0.3583984375 0.25703125 0.044921875 0.05364583333333333
0 0.3658203125 0.31015625 0.041796875 0.0546875
0 0.533203125 0.33105729166666664 0.043703125000000044 0.056520833333333326
0 0.501953125 0.20263541666666668 0.037687500000000006 0.0551770833333333
0 0.515625 0.2875989583333334 0.04098437500000003 0.056520833333333326
0 0.5146484375 0.23828125 0.038972656249999994 0.05098437499999999
0 0.56103515625 0.2827135416666666 0.042082031250000006 0.05444270833333332
0 0.55908203125 0.43196875 0.043031249999999945 0.05354687499999997
0 0.57421875 0.333984375 0.040464843750000055 0.053468750000000044
0 0.344484375 0.22363541666666667 0.036558593749999965 0.047645833333333346
0 0.5859375 0.23502604166666666 0.041078124999999945 0.05354687499999997
0 0.60986328125 0.33284375 0.03845312500000002 0.05216666666666671
0 0.59912109375 0.2853177083333333 0.03845312500000002 0.0525729166666667
0 0.548828125 0.22346875 0.039640625000000006 0.05497395833333331
0 0.5419921875 0.383140625 0.04409765624999995 0.05529687500000004
0 0.59716796875 0.431640625 0.03918359374999998 0.0525729166666667
0 0.63037109375 0.4296875 0.03515625 0.0486666666666667
0 0.6630859375 0.2866197916666666 0.03161718750000002 0.043703125000000016
0 0.6171875 0.3824895833333333 0.037687500000000006 0.0506197916666667
0 0.53466796875 0.18310416666666668 0.038332031250000044 0.05159375000000003
0 0.64208984375 0.3294270833333333 0.034242187499999945 0.04838020833333338
0 0.6708984375 0.3299166666666667 0.03204296875000008 0.044718749999999946
0 0.6328125 0.2836927083333334 0.035734375000000006 0.050046874999999984
0 0.47802734375 0.17919791666666668 0.03738281249999993 0.05904166666666667
0 0.63427734375 0.47884375 0.03402734375000005 0.046755208333333326
0 0.6748046875 0.3756510416666667 0.032777343749999945 0.045572916666666664
0 0.64697265625 0.37890625 0.03488281250000007 0.04821874999999996
0 0.64892578125 0.24560416666666668 0.03137109374999998 0.04378125000000003
0 0.6611328125 0.42090104166666664 0.03308203125000002 0.04821874999999996
0 0.57177734375 0.18913020833333333 0.03985546875000008 0.0506197916666667
0 0.5126953125 0.151203125 0.03616406249999997 0.04223437500000002
0 0.60107421875 0.4791666666666667 0.03933593749999993 0.048828125
0 0.47216796875 0.14225520833333333 0.034605468750000055 0.04272395833333332
0 0.37866406250000006 0.619140625 0.09619140625000004 0.15755208333333334
0 0.66064453125 0.4661458333333333 0.03384374999999995 0.04695833333333337
0 0.685546875 0.414390625 0.029585937499999916 0.0428072916666667
0 0.6845703125 0.4583333333333333 0.02865625000000005 0.044026041666666654
0 0.6396484375 0.20752083333333332 0.03332421874999998 0.04128125
0 0.356203125 0.609375 0.03185937499999998 0.04014062500000008
0 0.607421875 0.200359375 0.03689453124999993 0.045286458333333356
0 0.38232421875 0.18880208333333334 0.039488281250000014 0.045817708333333346
0 0.55615234375 0.1540520833333333 0.03891015625000005 0.04280729166666668
0 0.68212890625 0.4947916666666667 0.036070312500000055 0.039833333333333346
0 0.59033203125 0.16015625 0.03616406249999997 0.041666666666666664
0 0.3603515625 0.5830104166666668 0.03289843750000001 0.03798437499999992
0 0.494140625 0.10595833333333333 0.03384374999999995 0.04565624999999998
0 0.54052734375 0.13053645833333333 0.03634765625000007 0.04528645833333334
0 0.623046875 0.170734375 0.035066406249999994 0.03820833333333334
0 0.48462109375000006 0.6344427083333334 0.03567578124999997 0.05167708333333323
0 0.5048828125 0.12686979166666668 0.03454687500000002 0.04144270833333333
0 0.61962890625 0.23893229166666666 0.03500390625000005 0.047645833333333346
0 0.63330078125 0.5445989583333334 0.041929687500000055 0.05346874999999998
0 0.60595703125 0.14225520833333333 0.034605468750000055 0.039
0 0.52734375 0.10335416666666666 0.03469921874999997 0.04144270833333333
0 0.66015625 0.535484375 0.03494140624999993 0.04829687500000001
0 0.39282421875 0.6002604166666666 0.03448437499999999 0.03649999999999996
0 0.6376953125 0.587890625 0.03210546875000002 0.04014062500000008
0 0.51806640625 0.62109375 0.032960937500000044 0.035807291666666664
0 0.51953125 0.6477864583333334 0.035734375000000006 0.04247916666666664
0 0.34692578125 0.6484375 0.029585937500000003 0.039833333333333346
0 0.57421875 0.13102083333333334 0.035402343750000044 0.03975520833333334
0 0.5615234375 0.103921875 0.03308203125000002 0.03501562500000001
0 0.60986328125 0.6305364583333334 0.029875000000000006 0.04014062500000008
0 0.59423828125 0.11613020833333333 0.032164062500000055 0.031942708333333326
0 0.58447265625 0.70703125 0.024703124999999916 0.03401562499999997
0 0.5673828125 0.71875 0.023375000000000055 0.032817708333333445
0 0.60400390625 0.6731770833333334 0.027847656249999984 0.035604166666666735
0 0.685546875 0.5686875 0.022371093749999994 0.03428125000000008
0 0.66552734375 0.5797552083333334 0.026351562500000016 0.03747395833333324
0 0.64453125 0.6927083333333334 0.024183593749999944 0.03908333333333332
0 0.6376953125 0.6442083333333334 0.028441406249999978 0.041218749999999936
0 0.46826171875 0.7311197916666666 0.023195312500000044 0.045572916666666664
0 0.54638671875 0.72265625 0.024230468750000077 0.030802083333333268
0 0.36255078125 0.6458333333333334 0.027847656249999984 0.03769791666666673
0 0.626953125 0.69921875 0.022886718750000055 0.03930729166666656
0 0.595703125 0.6598333333333334 0.021011718749999984 0.043296875000000054
0 0.529296875 0.75390625 0.025621093750000056 0.03713020833333332
0 0.66357421875 0.6064479166666668 0.025664062499999928 0.034401041666666764
0 0.49341015625000006 0.71875 0.020339843750000065 0.0360937500000001
0 0.68310546875 0.5989583333333334 0.022035156249999945 0.03460937499999991
0 0.607421875 0.7083333333333334 0.024382812500000028 0.029031249999999887
0 0.56884765625 0.7434895833333334 0.02400390624999993 0.0338958333333333
0 0.66748046875 0.6474635416666668 0.021042968749999957 0.03110937500000001
0 0.51171875 0.7154947916666666 0.022246093749999928 0.03377083333333341
0 0.6806640625 0.6236979166666666 0.022371093749999994 0.03181770833333341
0 0.66015625 0.6315104166666666 0.024992187500000006 0.03454687499999996
0 0.68212890625 0.5322291666666666 0.03390625000000007 0.040281249999999956
0 0.548828125 0.7486979166666666 0.02456640624999995 0.037416666666666744
0 0.62646484375 0.6650416666666668 0.02475000000000005 0.0303958333333334
0 0.6328125 0.6090520833333334 0.027374999999999972 0.03486979166666657
0 0.58447265625 0.4720052083333333 0.018980468750000055 0.03778124999999998
0 0.6455078125 0.7259114583333334 0.02001953125 0.030458333333333344
0 0.6279296875 0.732421875 0.020890625000000006 0.03401562499999997
0 0.48510937500000006 0.7506510416666666 0.02001953125 0.026083333333333295
0 0.505859375 0.74609375 0.023726562499999916 0.027687499999999924
0 0.494140625 0.7623697916666666 0.02140625000000007 0.02854166666666676
0 0.60986328125 0.7376302083333334 0.020796874999999916 0.03792187499999997
0 0.51220703125 0.7623697916666666 0.021011718749999984 0.022645833333333344
0 0.48095703125 0.5680364583333334 0.022718749999999944 0.02009895833333341
0 0.59033203125 0.75390625 0.022843750000000006 0.029541666666666563
0 0.59033203125 0.728515625 0.02310156249999995 0.029317708333333314
0 0.34692578125 0.736328125 0.09222265624999997 0.09326041666666664
2 0.23125 0.38958333333333334 0.235546875 0.3885416666666667 0.248046875 0.4083333333333333 0.24609375 0.4119791666666667 0.24609375 0.4161458333333333 0.25234375 0.41822916666666665 0.26328125 0.41510416666666666 0.27890625 0.403125 0.280859375 0.3984375 0.28671875 0.3932291666666667 0.29921875 0.36822916666666666 0.312109375 0.3614583333333333 0.3140625 0.35 0.313671875 0.3333333333333333 0.308203125 0.32083333333333336 0.303515625 0.31614583333333335 0.294140625 0.3151041666666667 0.283984375 0.31875 0.275 0.3260416666666667 0.26875 0.334375 0.258203125 0.33645833333333336 0.24609375 0.3578125 0.24140625 0.3625 0.230859375 0.36770833333333336 0.227734375 0.3765625 0.228125 0.3875 0.23125 0.38958333333333334
2 0.259375 0.4395833333333333 0.256640625 0.4432291666666667 0.262890625 0.4588541666666667 0.259765625 0.4666666666666667 0.268359375 0.4708333333333333 0.27734375 0.4822916666666667 0.28359375 0.48541666666666666 0.287109375 0.48489583333333336 0.311328125 0.46770833333333334 0.31640625 0.4588541666666667 0.330859375 0.42083333333333334 0.33828125 0.41302083333333334 0.340234375 0.4078125 0.340625 0.4 0.338671875 0.39166666666666666 0.325 0.3729166666666667 0.316015625 0.3645833333333333 0.308203125 0.3640625 0.2984375 0.3692708333333333 0.28828125 0.3932291666666667 0.274609375 0.4083333333333333 0.268359375 0.434375 0.259375 0.4395833333333333
2 0.25546875 0.29791666666666666 0.258203125 0.31302083333333336 0.2640625 0.3177083333333333 0.273046875 0.3177083333333333 0.278125 0.3140625 0.280078125 0.309375 0.28984375 0.2984375 0.290625 0.2947916666666667 0.30234375 0.28125 0.3109375 0.2635416666666667 0.314453125 0.2598958333333333 0.31484375 0.2515625 0.308984375 0.246875 0.30234375 0.24635416666666668 0.298046875 0.24322916666666666 0.29375 0.23385416666666667 0.29296875 0.21979166666666666 0.290625 0.2171875 0.282421875 0.2296875 0.27421875 0.2359375 0.259765625 0.2557291666666667 0.255859375 0.2635416666666667 0.251953125 0.2786458333333333 0.2515625 0.2875 0.25546875 0.29791666666666666
2 0.5129609375 0.5887916666666667 0.14984765625000004 0.16347916666666673