2 0.363671875 0.36666666666666664 0.16953125 0.4583333333333333
0 0.529296875 0.3416666666666667 0.04296875 0.05416666666666667
0 0.5131875 0.24837499999999998 0.039640625000000006 0.058354166666666644
0 0.5244140625 0.28971874999999997 0.040101562499999945 0.05293750000000002
0 0.57421875 0.32698958333333333 0.04287500000000009 0.052739583333333326
0 0.580078125 0.37792708333333336 0.044679687500000044 0.053145833333333316
0 0.56396875 0.27734375 0.04138281250000002 0.05496874999999998
0 0.6123046875 0.3268229166666667 0.03811718749999997 0.050541666666666644
0 0.32690625 0.38834375 0.03656249999999996 0.055781249999999956
0 0.55078125 0.23030208333333332 0.04031249999999993 0.05013541666666666
0 0.6884765625 0.4127604166666667 0.029421875000000063 0.04435416666666671
0 0.6782265625 0.37174999999999997 0.029984375000000084 0.045447916666666664
0 0.6328125 0.2799479166666667 0.03448437500000008 0.04874999999999998
0 0.536625 0.19140625 0.0390625 0.04793749999999998
0 0.595703125 0.42513541666666665 0.03927343749999999 0.05110416666666661
0 0.517578125 0.15625 0.03839062500000008 0.04463541666666669
0 0.619140625 0.3763020833333333 0.03634374999999999 0.049479166666666664
0 0.6015625 0.27978125 0.03839062500000008 0.050822916666666655
0 0.6723671875 0.3265 0.03271875000000009 0.044187499999999956
0 0.6875 0.46191666666666664 0.028445312500000063 0.043625
0 0.624515625 0.23567708333333334 0.03549218750000005 0.045979166666666654
0 0.3356953125 0.44140625 0.03753906249999996 0.054447916666666644
0 0.6015625 0.4739583333333333 0.03656249999999996 0.04960416666666667
0 0.651859375 0.37174999999999997 0.033601562499999994 0.048385416666666715
0 0.309328125 0.25065624999999997 0.033265625000000035 0.047322916666666645
0 0.64453125 0.32487499999999997 0.033203125 0.047562499999999966
0 0.5903359375 0.2319375 0.03927343749999999 0.04785416666666666
0 0.69140625 0.50065625 0.026546875000000015 0.041135416666666674
0 0.6298828125 0.4254583333333333 0.03494531250000001 0.04996875000000003
0 0.663578125 0.2820625 0.03240625000000001 0.04435416666666668
0 0.6083984375 0.5218125 0.035398437499999956 0.046666666666666676
0 0.6538125 0.24186458333333333 0.03235156250000006 0.043697916666666656
0 0.57421875 0.19076041666666665 0.03927343749999999 0.046666666666666676
0 0.663578125 0.4606145833333333 0.030789062500000065 0.047041666666666634
0 0.6611328125 0.4166666666666667 0.03161718750000002 0.047562499999999966
0 0.317875 0.3385416666666667 0.036835937499999985 0.052937500000000054
0 0.6396484375 0.20361458333333332 0.034421874999999956 0.04288541666666668
0 0.6396484375 0.5149791666666667 0.03161718750000002 0.04403124999999998
0 0.6645546875 0.5026041666666666 0.029421875000000063 0.042802083333333366
0 0.6328125 0.55240625 0.031492187499999956 0.03938541666666661
0 0.6352578125 0.47265625 0.03454687500000002 0.04793749999999998
0 0.31371875 0.29053125 0.034882812499999985 0.05244791666666669
0 0.47973437499999994 0.14103125 0.03683593750000007 0.04288541666666668
0 0.6630859375 0.5400416666666668 0.028593749999999928 0.039531250000000046
0 0.5537109375 0.15332291666666667 0.03747656250000002 0.04256250000000002
0 0.6079140625 0.19254166666666667 0.03726562500000004 0.04838541666666665
0 0.46948437500000006 0.11466666666666668 0.034757812500000006 0.04785416666666668
0 0.6865234375 0.5403645833333334 0.023914062499999923 0.03581250000000005
0 0.5078125 0.12296874999999999 0.03643750000000008 0.04113541666666666
0 0.6215859375 0.16927083333333334 0.03488281250000007 0.0410520833333333
0 0.6079140625 0.137375 0.03402343749999996 0.04028125000000002
2 0.556640625 0.7265625 0.12487499999999993 0.12646875000000007
0 0.49487500000000006 0.21126041666666667 0.03760156250000009 0.061604166666666654
0 0.542484375 0.12442708333333334 0.03683593750000007 0.04006250000000001
0 0.4965859375 0.09895833333333333 0.033265624999999945 0.04313541666666666
0 0.5888671875 0.15673958333333332 0.03494531250000001 0.04044791666666665
0 0.5756875 0.12621875 0.034757812500000006 0.04239583333333335
0 0.3501015625 0.31347916666666664 0.03167968749999996 0.057083333333333285
0 0.3447265625 0.26643750000000005 0.029984374999999997 0.05041666666666667
0 0.5288125 0.6816458333333333 0.02726562500000007 0.05769791666666677
0 0.5297890625 0.09667708333333333 0.03488281250000007 0.040666666666666657
0 0.5849609375 0.46386458333333336 0.01986718750000005 0.03747916666666669
0 0.5786171875 0.42285416666666664 0.021484375 0.04128125
0 0.595703125 0.11084374999999999 0.03253125000000008 0.03402083333333333
0 0.3403359375 0.22346875 0.027523437500000015 0.046145833333333344
0 0.5625 0.0980625 0.032289062499999945 0.03428125
2 0.2536640625 0.46549999999999997 0.08740624999999999 0.27751041666666676
0 0.6533203125 0.4515 0.022671874999999987 0.027791666666666614
0 0.554203125 0.6764375 0.02400000000000002 0.026791666666666696
0 0.2683125 0.2814166666666667 0.024992187500000006 0.06787499999999996
2 0.45625 0.7635416666666667 0.4625 0.771875 0.475 0.7739583333333333 0.4796875 0.784375 0.478125 0.8208333333333333 0.484375 0.825 0.48984375 0.825 0.496875 0.809375 0.52421875 0.8125 0.53046875 0.821875 0.59140625 0.809375 0.64375 0.7864583333333334 0.65703125 0.7708333333333334 0.66171875 0.7708333333333334 0.6640625 0.7635416666666667 0.66171875 0.746875 0.6546875 0.740625 0.65234375 0.7291666666666666 0.62578125 0.7333333333333333 0.60703125 0.6885416666666667 0.60703125 0.6729166666666667 0.6 0.6645833333333333 0.5828125 0.6645833333333333 0.5078125 0.715625 0.45625 0.7197916666666667 0.45390625 0.73125 0.453125 0.7479166666666667 0.45625 0.7635416666666667
0 0.478125 0.71875 0.4828125 0.7208333333333333 0.4953125 0.7145833333333333 0.49140625 0.6760416666666667 0.48046875 0.6770833333333334 0.475 0.690625 0.47421875 0.7125 0.478125 0.71875
0 0.5046796875 0.6913125 0.03236718750000005 0.07098958333333343