2 0.3875 0.2747395833333333 0.15234375 0.27239583333333334
0 0.515625 0.2877604166666667 0.04140625 0.058854166666666666
2 0.51796875 0.62109375 0.17109375 0.14010416666666667
0 0.393310546875 0.22802734375 0.044189453125 0.053263346354166664
0 0.501953125 0.20247395833333334 0.0369873046875 0.053670247395833336
0 0.56103515625 0.2840169270833333 0.0413818359375 0.055908203125
0 0.5712890625 0.3336588541666667 0.042236328125 0.053548177083333336
0 0.55908203125 0.4326171875 0.042724609375 0.0538330078125
0 0.54150390625 0.3831380208333333 0.04296875 0.0545654296875
0 0.60986328125 0.33251953125 0.03802490234375 0.0517578125
0 0.599609375 0.2858072916666667 0.038330078125 0.0528564453125
0 0.58251953125 0.3854166666666667 0.039703369140625 0.052734375
0 0.59765625 0.431640625 0.038818359375 0.0528564453125
0 0.5859375 0.2353515625 0.04107666015625 0.054036458333333336
0 0.35498046875 0.2513020833333333 0.038330078125 0.044108072916666664
0 0.548828125 0.22412109375 0.039337158203125 0.055094401041666664
0 0.61669921875 0.3824869791666667 0.037750244140625 0.050333658854166664
0 0.6630859375 0.2864583333333333 0.03143310546875 0.04345703125
0 0.6416015625 0.3292643229166667 0.03436279296875 0.048014322916666664
0 0.63427734375 0.478515625 0.033905029296875 0.046590169270833336
0 0.5146484375 0.24104817708333334 0.038818359375 0.0538330078125
0 0.63037109375 0.4293619791666667 0.034820556640625 0.0491943359375
0 0.67138671875 0.3297526041666667 0.03228759765625 0.044108072916666664
0 0.36474609375 0.3111979166666667 0.040924072265625 0.0552978515625
0 0.6748046875 0.3753255208333333 0.03253173828125 0.045125325520833336
0 0.63330078125 0.2843424479166667 0.03533935546875 0.0509033203125
0 0.344970703125 0.22298177083333334 0.036773681640625 0.043701171875
0 0.53466796875 0.18310546875 0.038177490234375 0.051106770833333336
0 0.60107421875 0.4794921875 0.0390625 0.048746744791666664
0 0.64892578125 0.24593098958333334 0.03143310546875 0.044352213541666664
0 0.66064453125 0.4215494791666667 0.032958984375 0.048583984375
0 0.66064453125 0.4658203125 0.033966064453125 0.0462646484375
0 0.64697265625 0.3785807291666667 0.03436279296875 0.047648111979166664
0 0.477294921875 0.17822265625 0.035888671875 0.056315104166666664
0 0.47216796875 0.14152018229166666 0.0341796875 0.041666666666666664
0 0.57177734375 0.18863932291666666 0.03955078125 0.049601236979166664
0 0.51318359375 0.15120442708333334 0.035888671875 0.041361490885416664
0 0.6201171875 0.2392578125 0.035614013671875 0.046427408854166664
0 0.60693359375 0.20052083333333334 0.03656005859375 0.044881184895833336
0 0.685546875 0.4143880208333333 0.029144287109375 0.042643229166666664
0 0.55615234375 0.154052734375 0.03839111328125 0.042236328125
0 0.68505859375 0.4580078125 0.0293121337890625 0.043375651041666664
0 0.63916015625 0.20751953125 0.03240966796875 0.0411376953125
0 0.48486328125 0.6298828125 0.036224365234375 0.0467529296875
0 0.623046875 0.17138671875 0.03424072265625 0.03863525390625
0 0.493896484375 0.105224609375 0.03314208984375 0.044108072916666664
0 0.54052734375 0.13077799479166666 0.036895751953125 0.045654296875
0 0.59033203125 0.16048177083333334 0.03533935546875 0.041219075520833336
0 0.68212890625 0.4947916666666667 0.035736083984375 0.041605631510416664
0 0.60546875 0.14298502604166666 0.0341796875 0.0396728515625
2 0.276611328125 0.421875 0.06671142578125 0.15275065104166666
0 0.5048828125 0.12736002604166666 0.0345458984375 0.041666666666666664
0 0.469970703125 0.6533203125 0.0352783203125 0.060587565104166664
0 0.52734375 0.10335286458333333 0.034423828125 0.040506998697916664
0 0.382568359375 0.18994140625 0.0384521484375 0.043863932291666664
0 0.63232421875 0.54296875 0.03875732421875 0.0496826171875
0 0.5615234375 0.10392252604166667 0.0325927734375 0.03466796875
0 0.59375 0.11653645833333333 0.0318603515625 0.032816569010416664
2 0.287353515625 0.263671875 0.06463623046875 0.11246744791666667
0 0.57421875 0.13102213541666666 0.035064697265625 0.039530436197916664
0 0.6376953125 0.5904947916666666 0.0322265625 0.041524251302083336
0 0.66162109375 0.53515625 0.037109375 0.0489501953125
0 0.468505859375 0.7311197916666666 0.0236968994140625 0.044108072916666664
0 0.492919921875 0.7194010416666666 0.020294189453125 0.0364990234375
0 0.6650390625 0.5794270833333334 0.026458740234375 0.035807291666666664
0 0.6787109375 0.5188802083333334 0.032470703125 0.034077962239583336
0 0.5849609375 0.4720052083333333 0.0199127197265625 0.038350423177083336
0 0.6640625 0.6057942708333334 0.0248870849609375 0.031107584635416668
0 0.480712890625 0.5670572916666666 0.023468017578125 0.01824951171875
0 0.487548828125 0.7571614583333334 0.0254669189453125 0.031636555989583336
2 0.261962890625 0.6461588541666666 0.06964111328125 0.11865234375
2 0.56396484375 0.5755208333333334 0.07464599609375 0.095458984375
0 0.68359375 0.5986328125 0.0216217041015625 0.034810384114583336
0 0.685546875 0.568359375 0.02191162109375 0.032063802083333336
0 0.62841796875 0.6057942708333334 0.0211181640625 0.037353515625
0 0.67919921875 0.625 0.0228424072265625 0.030924479166666668