0 0.5046875 0.25026041666666665 0.040625 0.059895833333333336
0 0.531640625 0.34453125 0.04296875 0.0546875
2 0.279203125 0.4611822916666667 0.09057031250000006 0.2165729166666667
2 0.26776171875 0.2764166666666667 0.053703125000000004 0.10948958333333335
2 0.4486796875 0.6342135416666667 0.13559374999999996 0.07982291666666678
2 0.4828125 0.7361979166666667 0.09453125 0.1015625
2 0.41768359374999997 0.7035520833333333 0.14501953125 0.07630729166666654
0 0.56982421875 0.328453125 0.043855468749999994 0.05436458333333327
0 0.58056640625 0.38509375 0.04138281250000002 0.05334375000000004
0 0.560546875 0.44238541666666664 0.040925781249999994 0.054036458333333336
0 0.5625 0.280109375 0.043519531249999945 0.05631770833333336
0 0.61669921875 0.383140625 0.03796484375000002 0.0514739583333333
0 0.60693359375 0.3255208333333333 0.03823828124999995 0.0506197916666667
0 0.59765625 0.4313177083333333 0.03927734375000007 0.05375000000000003
0 0.6748046875 0.3756510416666667 0.031675781250000055 0.045041666666666674
0 0.66943359375 0.3307291666666667 0.03143359374999992 0.044802083333333326
0 0.63916015625 0.3274739583333333 0.03469921874999997 0.049192708333333356
0 0.60107421875 0.27815625 0.03781250000000007 0.05127083333333336
0 0.66259765625 0.2874375 0.031019531249999944 0.04435416666666668
0 0.6474609375 0.37890625 0.0341796875 0.0475677083333333
0 0.58447265625 0.23535416666666667 0.040773437500000044 0.05549999999999997
0 0.6337890625 0.2830416666666667 0.03488281250000007 0.048093749999999984
0 0.634765625 0.47884375 0.03402734375000005 0.04801562500000003
0 0.66064453125 0.421875 0.03283593749999998 0.04968229166666672
0 0.60107421875 0.480796875 0.04016015624999998 0.051109374999999936
0 0.50244140625 0.201171875 0.038023437500000055 0.05354687499999997
0 0.685546875 0.4156927083333333 0.028488281249999935 0.04337499999999998
0 0.6494140625 0.24642187499999998 0.031675781250000055 0.04471874999999998
0 0.66064453125 0.4661458333333333 0.033601562499999994 0.04711979166666668
0 0.6201171875 0.23958333333333334 0.03527734374999998 0.048828125
0 0.5439453125 0.24169791666666668 0.04113671874999998 0.05708854166666667
0 0.59814453125 0.5289739583333333 0.03854296875000003 0.04801562499999997
0 0.60693359375 0.20084895833333333 0.036070312500000055 0.045817708333333346
0 0.63232421875 0.5231145833333334 0.03366015625000003 0.046140624999999956
0 0.62939453125 0.4303385416666667 0.03500390625000005 0.05053645833333332
0 0.63916015625 0.20801041666666667 0.032960937500000044 0.042072916666666654
0 0.51318359375 0.15226041666666665 0.03650000000000002 0.042645833333333334
0 0.47216796875 0.142984375 0.03430078124999998 0.04296875
0 0.53515625 0.18684895833333334 0.03875781249999992 0.057291666666666664
0 0.6611328125 0.508140625 0.03259375000000002 0.045979166666666654
0 0.68505859375 0.4583333333333333 0.026960937499999994 0.04345833333333336
0 0.5966796875 0.5735677083333334 0.037687500000000006 0.046755208333333326
0 0.62353515625 0.17203645833333334 0.034089843749999994 0.03953124999999999
0 0.56201171875 0.4986979166666667 0.04312109374999995 0.05749479166666672
0 0.55615234375 0.1554375 0.03875781249999992 0.043864583333333346
0 0.4775390625 0.178875 0.03732421875000007 0.05981250000000002
0 0.59033203125 0.16031770833333334 0.03515625 0.04067187500000002
0 0.56982421875 0.19189583333333332 0.04025390625000007 0.057822916666666654
0 0.68701171875 0.4977239583333333 0.026656249999999916 0.041750000000000044
0 0.60546875 0.14273958333333334 0.03430078124999998 0.03930729166666668
0 0.49365234375 0.10481770833333333 0.03283593749999998 0.04215625
0 0.6416015625 0.590171875 0.028703125000000006 0.03877604166666657
0 0.57470703125 0.13216145833333334 0.03567578124999997 0.04174999999999998
0 0.54052734375 0.131265625 0.03628515624999995 0.04626562499999999
0 0.61474609375 0.5911458333333334 0.03125 0.04020312500000003
0 0.52734375 0.101890625 0.03402734375000005 0.03784374999999998
0 0.50634765625 0.12686979166666668 0.03527734374999998 0.041057291666666655
0 0.64111328125 0.5556666666666668 0.030562499999999916 0.04135937499999993
0 0.56103515625 0.10376041666666666 0.032652343750000055 0.032880208333333334
0 0.61474609375 0.6516927083333334 0.027113281249999944 0.03407812499999992
0 0.58740234375 0.609375 0.032652343750000055 0.03989583333333328
0 0.58984375 0.662109375 0.027175781250000065 0.03454687499999996
0 0.58984375 0.6383489583333334 0.027589843750000044 0.03363020833333342
0 0.63916015625 0.640953125 0.025910156249999972 0.03623437500000008
0 0.6162109375 0.625 0.028488281249999935 0.03428125000000008
0 0.66650390625 0.5455729166666666 0.027742187499999994 0.04058854166666664
0 0.59423828125 0.11547916666666666 0.03155468750000008 0.03039583333333334
0 0.66552734375 0.5794270833333334 0.026261718750000006 0.036989583333333326
0 0.6630859375 0.6070989583333334 0.02595703124999993 0.03356770833333324
0 0.32666015625 0.3001302083333333 0.05242968750000001 0.05415625000000001
0 0.556640625 0.6084010416666668 0.027695312500000034 0.03649999999999996
0 0.34423828125 0.39551041666666664 0.056242187500000006 0.05623437500000002
2 0.55810546875 0.73046875 0.14709374999999997 0.11734895833333331
0 0.685546875 0.5686875 0.021773437499999916 0.03324479166666663
0 0.333984375 0.34472916666666664 0.055421875000000044 0.05354687499999997
0 0.6826171875 0.5999375 0.022507812499999957 0.03761979166666667
0 0.57763671875 0.5950520833333334 0.023468749999999972 0.04345833333333336
0 0.626953125 0.701171875 0.025039062499999966 0.04191145833333323
0 0.64453125 0.693359375 0.025132812500000056 0.042317708333333336
0 0.66015625 0.6315104166666666 0.024046874999999978 0.03159374999999993
2 0.235109375 0.662109375 0.023910156250000016 0.0470364583333333
0 0.6875 0.5328802083333334 0.023605468749999935 0.035890625000000044
0 0.5634765625 0.7057291666666666 0.02546874999999993 0.03747395833333324
0 0.6796875 0.6240260416666668 0.022324218750000034 0.032447916666666764
0 0.31762890625 0.2565104166666667 0.03454687500000002 0.04785416666666669
0 0.58447265625 0.5556666666666668 0.02302734374999993 0.03615104166666659
0 0.34790234375 0.23307291666666666 0.031082031249999975 0.057822916666666654
0 0.5888671875 0.712890625 0.02433593750000007 0.03318229166666668
2 0.58935546875 0.806640625 0.1787109375 0.17871354166666673
0 0.62646484375 0.54915625 0.025222656250000065 0.038942708333333326
2 0.45434765625000006 0.11466666666666667 0.046812500000000055 0.044432291666666665
2 0.2998046875 0.7630208333333334 0.03662109375 0.048744791666666745
2 0.2517109375 0.6822916666666666 0.03125 0.054239583333333265
2 0.35743359375 0.352265625 0.16937890625000004 0.4706302083333333