2 0.352828125 0.37385416666666665 0.1671875 0.4915104166666667
0 0.538671875 0.3416666666666667 0.06171875 0.05416666666666667
0 0.513671875 0.24690625 0.03949218749999996 0.0563125
0 0.5244140625 0.28971874999999997 0.04046874999999996 0.05216666666666668
0 0.5747109375 0.3268229166666667 0.04248437500000009 0.05216666666666671
0 0.580078125 0.37792708333333336 0.044859375000000055 0.05224999999999997
0 0.56396875 0.27653125 0.04098437500000003 0.05366666666666665
0 0.612796875 0.3273125 0.03790624999999999 0.05033333333333338
0 0.55078125 0.23030208333333332 0.04016406250000006 0.04996874999999997
0 0.6333046875 0.27978125 0.03435937500000001 0.048302083333333336
0 0.6884765625 0.4127604166666667 0.028929687499999978 0.04378124999999997
0 0.327390625 0.3880208333333333 0.03650000000000002 0.055583333333333346
0 0.6787109375 0.37174999999999997 0.030109374999999973 0.045447916666666664
0 0.6015625 0.27930208333333334 0.03817968749999991 0.050052083333333316
0 0.536625 0.19157291666666668 0.038820312500000044 0.04695833333333332
0 0.6538125 0.24169791666666668 0.03265624999999996 0.043697916666666656
0 0.6298828125 0.4254583333333333 0.03482031249999995 0.04911458333333331
0 0.663578125 0.2817395833333334 0.03204687499999999 0.04378124999999997
0 0.6879921875 0.46191666666666664 0.027953124999999978 0.042802083333333366
0 0.6723671875 0.32535416666666667 0.0322265625 0.04354166666666662
0 0.624515625 0.2351875 0.034757812500000006 0.04520833333333331
0 0.69140625 0.50065625 0.026609374999999956 0.04044791666666671
0 0.5961953125 0.42513541666666665 0.03933593749999993 0.050416666666666644
0 0.651859375 0.3714166666666667 0.03271875000000009 0.04785416666666661
0 0.517578125 0.15511458333333333 0.03839062500000008 0.043625
0 0.5903359375 0.23177083333333334 0.039124999999999945 0.047770833333333346
0 0.6015625 0.47363541666666664 0.037046875000000055 0.04821874999999996
0 0.619140625 0.3763020833333333 0.03582812499999992 0.04911458333333331
0 0.608890625 0.5214895833333333 0.03469531250000006 0.04581250000000002
0 0.3181171875 0.3395208333333333 0.03726562500000004 0.053468750000000044
0 0.64453125 0.32487499999999997 0.032960937500000044 0.047562499999999966
0 0.661625 0.41634375 0.031492187499999956 0.04674999999999999
0 0.640140625 0.203125 0.03448437500000008 0.04296875
0 0.6640625 0.4609375 0.03102343750000003 0.04614583333333329
0 0.66553125 0.5026041666666666 0.029140624999999965 0.0418333333333333
0 0.3095703125 0.25097916666666664 0.032960937500000044 0.047854166666666635
0 0.6396484375 0.5149791666666667 0.030789062500000065 0.04354166666666662
0 0.336671875 0.44303125 0.0376015625 0.056229166666666684
0 0.6333046875 0.5527395833333333 0.03137500000000006 0.03922916666666669
0 0.6357421875 0.4723333333333333 0.0341796875 0.046875
0 0.57421875 0.19108333333333333 0.03811718749999997 0.045041666666666674
0 0.6630859375 0.5406875 0.028062500000000056 0.038270833333333344
0 0.4794921875 0.14103125 0.03689843750000001 0.042645833333333334
0 0.6079140625 0.19140625 0.03662500000000009 0.04659375000000002
0 0.5537109375 0.153 0.03732031249999999 0.041666666666666664
0 0.46948437500000006 0.11547916666666666 0.034757812500000006 0.046958333333333345
0 0.313234375 0.29004166666666664 0.03494531250000001 0.052739583333333326
0 0.6865234375 0.5400416666666668 0.023820312500000006 0.035395833333333356
0 0.49682812500000006 0.09822916666666666 0.033601562499999994 0.04239583333333335
0 0.6215859375 0.16845833333333332 0.034757812500000006 0.039895833333333346
0 0.54296875 0.12442708333333334 0.037109375 0.04019791666666667
0 0.5078125 0.12296874999999999 0.03650000000000002 0.04160416666666665
0 0.49487500000000006 0.21110416666666668 0.03753906249999996 0.06205208333333333
0 0.6079140625 0.13688541666666668 0.0341796875 0.039302083333333335
0 0.3498515625 0.31363541666666667 0.03289843750000001 0.05794791666666666
0 0.5883828125 0.15648958333333332 0.03506250000000009 0.03967708333333331
0 0.5756875 0.12646875 0.03528125000000006 0.041604166666666664
0 0.5297890625 0.09667708333333333 0.034757812500000006 0.040145833333333325
0 0.57959375 0.4231770833333333 0.022890624999999963 0.04264583333333339
0 0.585453125 0.46386458333333336 0.02009375000000002 0.03878125000000002
0 0.5625 0.09846875000000001 0.032164062500000055 0.03440625
0 0.5961953125 0.11148958333333334 0.03353906250000005 0.033958333333333326
0 0.343265625 0.2661145833333334 0.030148437500000024 0.0494791666666667
0 0.52734375 0.668625 0.024476562499999945 0.028156249999999973
0 0.3403359375 0.22428125000000002 0.02707031249999998 0.045572916666666664
0 0.595703125 0.5130208333333334 0.023867187499999963 0.04136458333333337
2 0.4 0.6770833333333334 0.4078125 0.6927083333333334 0.415625 0.6947916666666667 0.465625 0.6927083333333334 0.51328125 0.68125 0.5140625 0.678125 0.509375 0.6666666666666666 0.49921875 0.6666666666666666 0.4890625 0.640625 0.48203125 0.6385416666666667 0.48203125 0.634375 0.47109375 0.6322916666666667 0.4671875 0.6260416666666667 0.43359375 0.6364583333333333 0.4171875 0.6364583333333333 0.40859375 0.6427083333333333 0.39921875 0.640625 0.3953125 0.646875 0.39453125 0.6604166666666667 0.4 0.6770833333333334
2 0.4643125 0.6854270833333334 0.029695312499999994 0.03845833333333341