0 0.5399453125 0.35210416666666666 0.05612499999999994 0.08427083333333331
0 0.5046875 0.24973958333333332 0.03984375 0.06197916666666667
0 0.5712890625 0.3274739583333333 0.04037500000000005 0.05224479166666664
0 0.61767578125 0.3815104166666667 0.03594921875000008 0.0514739583333333
0 0.58154296875 0.3844427083333333 0.039124999999999945 0.053468750000000044
0 0.55908203125 0.441734375 0.04168749999999992 0.052734375
0 0.5625 0.4973958333333333 0.041078124999999945 0.05464583333333337
0 0.5966796875 0.43196875 0.03662109375 0.05127083333333336
0 0.62890625 0.4293645833333333 0.03259375000000002 0.049479166666666664
0 0.60693359375 0.324546875 0.037109375 0.04976562499999997
0 0.6748046875 0.3746770833333333 0.030792968749999972 0.04247916666666664
0 0.603515625 0.4820989583333333 0.03527734374999998 0.049479166666666664
0 0.64013671875 0.3289375 0.035066406249999994 0.047770833333333346
0 0.5634765625 0.2760416666666667 0.04083203125000008 0.050416666666666644
0 0.54248046875 0.24153645833333334 0.041078124999999945 0.059364583333333346
0 0.47925000000000006 0.18033854166666666 0.03860546874999997 0.056760416666666674
0 0.66357421875 0.2866197916666666 0.031312499999999945 0.04272395833333332
0 0.634765625 0.4798177083333333 0.03347656249999993 0.0475677083333333
0 0.66943359375 0.3294270833333333 0.03137109374999998 0.043619791666666664
0 0.66015625 0.4212239583333333 0.029542968750000044 0.045901041666666725
0 0.50244140625 0.19840625 0.03698828125000002 0.048463541666666644
0 0.5849609375 0.23388541666666668 0.04162499999999998 0.05053645833333332
0 0.60205078125 0.2766927083333333 0.037199218750000006 0.04858333333333332
0 0.65087890625 0.24463020833333332 0.031496093750000044 0.04144270833333336
0 0.47412109375 0.13932291666666666 0.033265624999999945 0.03493229166666665
0 0.68701171875 0.4156927083333333 0.026917968749999945 0.04199479166666661
0 0.65576171875 0.515625 0.034425781250000044 0.04014062500000003
0 0.662109375 0.4661458333333333 0.03347656249999993 0.04288541666666663
0 0.6318359375 0.2825520833333333 0.03204296875000008 0.04748437500000001
0 0.64599609375 0.379234375 0.03192187499999992 0.047932291666666654
0 0.5703125 0.19482291666666668 0.04217578124999992 0.052854166666666674
0 0.51513671875 0.151203125 0.033781250000000006 0.03554166666666667
0 0.61962890625 0.23779166666666668 0.034757812500000006 0.045979166666666654
0 0.53564453125 0.181640625 0.03628515624999995 0.04614062500000002
0 0.60595703125 0.19629166666666667 0.03384374999999995 0.04240104166666665
0 0.5439453125 0.12760416666666666 0.028703125000000006 0.03159374999999998
0 0.6396484375 0.20686979166666666 0.032164062500000055 0.04135937499999998
0 0.57568359375 0.12760416666666666 0.030042968749999944 0.03344791666666668
0 0.50830078125 0.123375 0.028335937499999984 0.030109374999999987
0 0.591796875 0.11344270833333334 0.026503906249999966 0.029604166666666685
0 0.5576171875 0.15592708333333333 0.03283593749999998 0.037473958333333356
0 0.6044921875 0.14030208333333333 0.03253125000000008 0.03501562500000001
0 0.6240234375 0.17350520833333333 0.032652343750000055 0.03755729166666667
0 0.52978515625 0.10172395833333334 0.027800781250000028 0.03363020833333333
0 0.6875 0.4635416666666667 0.025175781249999928 0.035947916666666656
0 0.5625 0.10319270833333333 0.02700781249999995 0.03159374999999998
0 0.5 0.10245833333333333 0.021910156250000055 0.027161458333333322
0 0.689453125 0.5009791666666666 0.028273437500000043 0.044718749999999946
0 0.59130859375 0.15811979166666665 0.032164062500000055 0.03589062499999998
0 0.6669921875 0.6803385416666666 0.02865625000000005 0.0382083333333334
0 0.7060546875 0.5973333333333334 0.043214843750000044 0.050984374999999936
0 0.68212890625 0.6256510416666666 0.031144531250000006 0.041666666666666664
0 0.716796875 0.2532552083333333 0.020722656250000072 0.030984375000000005
0 0.6708984375 0.6321614583333334 0.016585937500000016 0.026000000000000037
0 0.7109375 0.6516927083333334 0.021988281249999984 0.03318229166666668
0 0.71826171875 0.689453125 0.036222656250000006 0.061281249999999926
0 0.7158203125 0.7291666666666666 0.021910156250000055 0.03481250000000007
2 0.240625 0.31197916666666664 0.248046875 0.3125 0.25390625 0.3078125 0.2578125 0.31354166666666666 0.264453125 0.315625 0.285546875 0.296875 0.28984375 0.2890625 0.303125 0.275 0.3078125 0.26666666666666666 0.314453125 0.2640625 0.321875 0.25729166666666664 0.323046875 0.24375 0.315625 0.2171875 0.294921875 0.20572916666666666 0.291015625 0.20885416666666667 0.284375 0.21666666666666667 0.28515625 0.2203125 0.2828125 0.2234375 0.27890625 0.22447916666666667 0.266796875 0.23958333333333334 0.26328125 0.2520833333333333 0.255859375 0.26614583333333336 0.246484375 0.290625 0.239453125 0.3098958333333333 0.240625 0.31197916666666664
2 0.27791796875 0.41773958333333333 0.06967187500000005 0.16959374999999993
2 0.45642187500000003 0.8208541666666667 0.06228906250000001 0.06941666666666677