0 0.53680859375 0.34288541666666666 0.04371484374999994 0.07020312499999998
0 0.541015625 0.39551041666666664 0.042878906249999994 0.052369791666666644
0 0.5673828125 0.3294270833333333 0.04312109374999995 0.05444270833333332
0 0.58154296875 0.384765625 0.04083203125000008 0.05354687499999997
0 0.55908203125 0.4427083333333333 0.04098437500000003 0.05244791666666669
0 0.607421875 0.3255208333333333 0.03891015625000005 0.05159374999999997
0 0.5615234375 0.27815625 0.042390624999999994 0.0525729166666667
0 0.673828125 0.37597916666666664 0.032652343750000055 0.04496354166666663
0 0.59619140625 0.4322916666666667 0.03942968750000002 0.050984375000000054
0 0.640625 0.328453125 0.03561328125000003 0.049479166666666664
0 0.60107421875 0.27815625 0.03839062500000008 0.050697916666666655
0 0.6181640625 0.3815104166666667 0.03869531249999998 0.051677083333333346
0 0.583984375 0.23258333333333334 0.039949218749999994 0.04858333333333332
0 0.66845703125 0.3294270833333333 0.031675781250000055 0.045286458333333356
0 0.62890625 0.430015625 0.03650000000000002 0.05053645833333332
0 0.65087890625 0.24544270833333334 0.032472656250000044 0.043052083333333345
0 0.685546875 0.4173177083333333 0.03210546875000002 0.04256250000000002
0 0.5625 0.500328125 0.04132031250000008 0.05578645833333328
0 0.6015625 0.48144791666666664 0.03823828124999995 0.051109374999999936
0 0.66259765625 0.2874375 0.03241015624999992 0.044880208333333345
0 0.5029296875 0.201171875 0.038820312500000044 0.05069791666666668
0 0.5029296875 0.25293229166666664 0.03726171874999995 0.05610937500000001
0 0.6591796875 0.4235052083333333 0.03204296875000008 0.047645833333333346
0 0.6455078125 0.37890625 0.033601562499999994 0.04838020833333338
0 0.634765625 0.4801458333333333 0.03454687500000002 0.048947916666666674
0 0.68701171875 0.498375 0.027113281249999944 0.040895833333333326
0 0.6865234375 0.4583333333333333 0.029207031249999994 0.04410937500000003
0 0.63330078125 0.283203125 0.03482031249999995 0.04968229166666669
0 0.6396484375 0.20654166666666668 0.03173828125 0.03944791666666667
0 0.66162109375 0.4664739583333333 0.03091406249999995 0.045979166666666654
0 0.5439453125 0.24186458333333333 0.04098437500000003 0.055906249999999984
0 0.61962890625 0.23746875 0.034425781250000044 0.044026041666666654
0 0.53466796875 0.18359375 0.0390625 0.05176041666666666
0 0.47290234375000006 0.1447760416666667 0.03823828124999995 0.04520833333333332
0 0.5712890625 0.19091666666666668 0.03781250000000007 0.05216666666666665
0 0.6083984375 0.200359375 0.035218749999999945 0.04215624999999997
0 0.5263671875 0.09985416666666666 0.030335937499999945 0.034015625
0 0.4931640625 0.10807291666666667 0.03448437500000008 0.049317708333333335
0 0.6240234375 0.17171354166666666 0.03125 0.03623437500000003
0 0.55517578125 0.1540520833333333 0.03698828125000002 0.039895833333333346
0 0.48071484375000006 0.18392187499999998 0.036558593750000055 0.052369791666666644
0 0.60595703125 0.14054166666666665 0.031984375000000044 0.037697916666666664
0 0.54052734375 0.12516145833333334 0.035066406249999994 0.03735416666666668
0 0.56103515625 0.10261979166666667 0.03173828125 0.03039583333333334
0 0.513671875 0.1501458333333333 0.038972656249999994 0.04634375000000001
0 0.59375 0.11344270833333334 0.029542968750000044 0.030802083333333327
0 0.6875 0.5270208333333334 0.022718749999999944 0.02844270833333328
0 0.59130859375 0.16031770833333334 0.035218749999999945 0.03877604166666669
0 0.57373046875 0.13053645833333333 0.033203125 0.037781249999999995
0 0.6669921875 0.5078125 0.022078124999999994 0.0338958333333333
0 0.58544921875 0.47558854166666664 0.026152343749999928 0.044026041666666654
0 0.72705078125 0.590171875 0.02302734374999993 0.03997916666666678
0 0.439453125 0.12516145833333334 0.026062499999999923 0.025166666666666677
0 0.47119140625 0.11002604166666667 0.016281249999999935 0.025838541666666673
2 0.259765625 0.3151041666666667 0.267578125 0.31927083333333334 0.28125 0.31927083333333334 0.287890625 0.31614583333333335 0.2953125 0.3177083333333333 0.310546875 0.3260416666666667 0.3140625 0.31979166666666664 0.32578125 0.2828125 0.326953125 0.275 0.326171875 0.2520833333333333 0.318359375 0.21979166666666666 0.308203125 0.20885416666666667 0.29921875 0.20677083333333332 0.294921875 0.2078125 0.27265625 0.23645833333333333 0.260546875 0.25833333333333336 0.25546875 0.27708333333333335 0.25546875 0.303125 0.259765625 0.3151041666666667
2 0.2947109375 0.396609375 0.09435937499999998 0.16263541666666667
2 0.37578125 0.6151041666666667 0.379296875 0.61875 0.384375 0.6322916666666667 0.39296875 0.6463541666666667 0.4 0.6473958333333333 0.4140625 0.6463541666666667 0.48203125 0.63125 0.483984375 0.6255208333333333 0.486328125 0.5911458333333334 0.474609375 0.5708333333333333 0.46875 0.571875 0.46640625 0.5666666666666667 0.45703125 0.5671875 0.451953125 0.5703125 0.43984375 0.5729166666666666 0.43515625 0.5666666666666667 0.426953125 0.5703125 0.41875 0.5703125 0.402734375 0.5770833333333333 0.399609375 0.5755208333333334 0.399609375 0.5776041666666667 0.394921875 0.5828125 0.380078125 0.5833333333333334 0.373046875 0.5953125 0.3734375 0.6072916666666667 0.37578125 0.6151041666666667
2 0.25859375 0.6067708333333334 0.271875 0.634375 0.274609375 0.6359375 0.2796875 0.6494791666666667 0.283984375 0.6505208333333333 0.28984375 0.6473958333333333 0.2953125 0.6473958333333333 0.298046875 0.6505208333333333 0.30234375 0.65 0.296484375 0.6375 0.297265625 0.621875 0.303515625 0.6192708333333333 0.303515625 0.6145833333333334 0.311328125 0.6067708333333334 0.31328125 0.5994791666666667 0.31015625 0.571875 0.3109375 0.5640625 0.305859375 0.5369791666666667 0.302734375 0.5348958333333333 0.295703125 0.5364583333333334 0.287109375 0.5270833333333333 0.279296875 0.5276041666666667 0.255078125 0.5442708333333334 0.2484375 0.553125 0.24765625 0.5572916666666666 0.25859375 0.6067708333333334