2 0.38828125 0.27421875 0.14921875 0.27239583333333334
0 0.5427734375 0.38333333333333336 0.044140625 0.05520833333333333
0 0.533203125 0.3302395833333333 0.04345703125 0.0548489583333333
0 0.58154296875 0.38509375 0.039640625000000006 0.05265104166666663
0 0.60986328125 0.3325208333333334 0.03854296875000003 0.05159374999999997
0 0.55859375 0.431640625 0.042878906249999994 0.052734375
0 0.57421875 0.3333333333333333 0.03985546875000008 0.051963541666666654
0 0.515625 0.2874375 0.04123046875000007 0.05603124999999999
0 0.59716796875 0.431640625 0.038972656249999994 0.05216666666666671
0 0.6171875 0.3828125 0.03747656250000002 0.04996875000000003
0 0.5615234375 0.2827135416666666 0.042390624999999994 0.05415625000000001
0 0.6298828125 0.4296875 0.03454687500000002 0.04931770833333336
0 0.64208984375 0.329265625 0.034242187499999945 0.048463541666666644
0 0.50244140625 0.20247395833333334 0.03774999999999995 0.05497395833333331
0 0.67138671875 0.3299166666666667 0.03234765624999998 0.045041666666666674
0 0.66064453125 0.4212239583333333 0.032777343749999945 0.048463541666666644
0 0.63427734375 0.4778645833333333 0.03384374999999995 0.046140624999999956
0 0.5146484375 0.23860937499999998 0.03918359374999998 0.05159374999999997
0 0.6611328125 0.46582291666666664 0.03384374999999995 0.04711979166666668
0 0.6748046875 0.375 0.032652343750000055 0.044718749999999946
0 0.60107421875 0.4791666666666667 0.03869531249999998 0.04801562500000003
0 0.6328125 0.284015625 0.03500390625000005 0.05025000000000001
0 0.64697265625 0.3785833333333333 0.03482031249999995 0.04821874999999996
0 0.6630859375 0.2866197916666666 0.03143359374999992 0.043864583333333346
0 0.59912109375 0.2846666666666666 0.03811718749999997 0.051677083333333346
0 0.58642578125 0.23502604166666666 0.041078124999999945 0.05375000000000003
0 0.64892578125 0.24577083333333333 0.031082031250000065 0.043947916666666635
0 0.39404296875 0.22623958333333333 0.04586718750000003 0.05517708333333336
0 0.6201171875 0.23877083333333332 0.03533984374999992 0.04536979166666667
0 0.53515625 0.18294270833333334 0.038332031250000044 0.05159374999999997
0 0.685546875 0.414390625 0.02970703125000007 0.04288541666666663
0 0.47216796875 0.14273958333333334 0.03454687500000002 0.04394791666666666
0 0.54931640625 0.22330729166666666 0.039949218749999994 0.054036458333333336
0 0.6064453125 0.19986979166666666 0.03643750000000008 0.04443229166666664
0 0.57177734375 0.18913020833333333 0.039488281250000055 0.05025000000000001
0 0.47827343750000006 0.17903645833333334 0.03698828125000002 0.059244791666666664
0 0.623046875 0.17122395833333334 0.03436328124999992 0.03812500000000003
0 0.5556640625 0.15380729166666668 0.03860546874999997 0.042479166666666686
0 0.5126953125 0.15169270833333334 0.03628515624999995 0.04256250000000002
0 0.365234375 0.3116875 0.043703125000000044 0.05827083333333339
0 0.35669140625 0.2574895833333333 0.043214843749999954 0.05415625000000001
0 0.638671875 0.20654166666666668 0.03155468750000008 0.039833333333333346
0 0.60546875 0.14273958333333334 0.03469921874999997 0.03944791666666667
0 0.68505859375 0.4576822916666667 0.028703125000000006 0.04353645833333329
0 0.5048828125 0.12686979166666668 0.03482031249999995 0.04207291666666668
0 0.49389843750000006 0.105796875 0.03347656249999993 0.044963541666666655
0 0.59033203125 0.16113541666666667 0.03594921875000008 0.04215625000000003
0 0.52734375 0.10319270833333333 0.03436328124999992 0.04028125000000002
0 0.344484375 0.22346875 0.03662109375 0.04748437499999998
0 0.54052734375 0.13053645833333333 0.036558593750000055 0.04573437499999999
0 0.57421875 0.13142708333333336 0.035218749999999945 0.04050520833333334
0 0.68115234375 0.49511979166666664 0.038023437500000055 0.04005729166666671
0 0.59423828125 0.11613020833333333 0.031496093750000044 0.031411458333333336
0 0.63330078125 0.5445989583333334 0.04123046875000007 0.053140625000000045
0 0.5615234375 0.103515625 0.03283593749999998 0.03351041666666668
0 0.638671875 0.5895208333333334 0.03234765624999998 0.04058854166666658
0 0.48486328125 0.634765625 0.03634765625000007 0.052651041666666745
0 0.356203125 0.6084010416666668 0.03161718750000002 0.04050520833333333
0 0.51953125 0.6477864583333334 0.03594921875000008 0.04296875
0 0.38232421875 0.18880208333333334 0.039124999999999986 0.045817708333333346
0 0.63818359375 0.6432291666666666 0.02880859375 0.03960937500000009
0 0.360109375 0.5849635416666668 0.03155468749999999 0.0338958333333333
0 0.6650390625 0.580078125 0.026152343749999928 0.03769791666666673
0 0.60400390625 0.673828125 0.027742187499999994 0.03363020833333342
0 0.51806640625 0.6207708333333334 0.03271484375 0.03448437500000002
0 0.65966796875 0.5348333333333334 0.03396484374999993 0.04667187500000001
0 0.61328125 0.6458333333333334 0.030335937499999945 0.040364583333333336
0 0.3466796875 0.6481145833333334 0.02914453124999996 0.03930729166666656
0 0.66015625 0.6311875 0.024703124999999916 0.033510416666666744
0 0.3630390625 0.6442083333333334 0.027374999999999972 0.035541666666666555
0 0.66748046875 0.6474635416666668 0.021285156249999916 0.03086458333333345
0 0.64453125 0.69140625 0.023695312499999944 0.038859375000000064
0 0.66357421875 0.605796875 0.026550781249999923 0.0342187499999999
0 0.58544921875 0.7076822916666666 0.025558593749999935 0.035807291666666664
0 0.52001953125 0.7252604166666666 0.028062500000000056 0.027260416666666742
0 0.595703125 0.6598333333333334 0.021773437499999916 0.04402604166666677
0 0.52978515625 0.75390625 0.025511718749999978 0.036354166666666764
0 0.5693359375 0.7428385416666666 0.024703124999999916 0.031880208333333354
0 0.626953125 0.6959635416666666 0.023148437500000084 0.03212499999999992
0 0.5673828125 0.7180989583333334 0.023375000000000055 0.031697916666666735
0 0.546875 0.7220052083333334 0.024429687499999984 0.02915625000000001
0 0.685546875 0.5690104166666666 0.02253906249999993 0.03434375000000003
0 0.607421875 0.708984375 0.024476562499999945 0.028869791666666582
0 0.62646484375 0.6653645833333334 0.025132812500000056 0.029380208333333258
0 0.39331250000000006 0.6009114583333334 0.03515625000000004 0.03721354166666657
0 0.68310546875 0.5999375 0.021941406250000028 0.03623437500000008
0 0.6328125 0.6064479166666668 0.027222656250000022 0.034932291666666754
0 0.46826171875 0.7311197916666666 0.023375000000000055 0.04658854166666657
0 0.6806640625 0.623375 0.022718749999999944 0.03206249999999997
0 0.49292187500000006 0.7174479166666666 0.02001953125 0.033833333333333354
0 0.64501953125 0.7265625 0.020964843750000028 0.02854166666666676
0 0.5849609375 0.47168229166666664 0.017851562499999928 0.03560416666666662
0 0.609375 0.7350260416666666 0.02140625000000007 0.0372708333333333
0 0.54931640625 0.7493489583333334 0.024140625000000072 0.03533854166666662
0 0.49536328125000006 0.7330729166666666 0.02475000000000005 0.027260416666666742
0 0.48046875 0.5680364583333334 0.025085937499999923 0.020489583333333408
0 0.4853515625 0.7513020833333334 0.020371093750000034 0.0262447916666666
0 0.6279296875 0.7311197916666666 0.020722656250000072 0.03153645833333343
0 0.505859375 0.7473958333333334 0.024519531249999994 0.027588541666666563
0 0.6796875 0.5166041666666666 0.03332421874999998 0.03416145833333329
2 0.34790234375 0.7337239583333334 0.09319921874999997 0.09423958333333336
0 0.5908203125 0.751953125 0.023468749999999972 0.03181770833333341
0 0.6875 0.531578125 0.024277343750000034 0.034812499999999955
0 0.62890625 0.7141927083333334 0.021652343749999935 0.02838020833333322
0 0.5908203125 0.73046875 0.023375000000000055 0.02947916666666662
0 0.49389843750000006 0.76171875 0.021773437499999916 0.02838020833333322
2 0.28515625 0.2674166666666667 0.06658984375000002 0.11303645833333333
0 0.51123046875 0.7630208333333334 0.020371093750000034 0.0234375
2 0.33125 0.6541666666666667 0.337890625 0.6666666666666666 0.3421875 0.6692708333333334 0.357421875 0.6645833333333333 0.36015625 0.6713541666666667 0.36015625 0.6776041666666667 0.3703125 0.6869791666666667 0.380859375 0.6864583333333333 0.386328125 0.68125 0.42734375 0.5734375 0.43515625 0.5489583333333333 0.43515625 0.5395833333333333 0.4375 0.5286458333333334 0.443359375 0.5171875 0.45078125 0.4901041666666667 0.446875 0.4796875 0.437109375 0.4713541666666667 0.429296875 0.4588541666666667 0.42421875 0.4552083333333333 0.419140625 0.45677083333333335 0.4078125 0.4505208333333333 0.39921875 0.4505208333333333 0.391796875 0.45729166666666665 0.375390625 0.49166666666666664 0.36484375 0.5010416666666667 0.363671875 0.5057291666666667 0.36640625 0.5114583333333333 0.366796875 0.5166666666666667 0.364453125 0.5255208333333333 0.351953125 0.5411458333333333 0.342578125 0.55625 0.340234375 0.5776041666666667 0.337890625 0.5838541666666667 0.332421875 0.6348958333333333 0.3328125 0.6463541666666667 0.33125 0.6541666666666667
2 0.43828125 0.6322916666666667 0.449609375 0.65 0.44765625 0.6578125 0.451171875 0.6604166666666667 0.45078125 0.6661458333333333 0.452734375 0.6713541666666667 0.45703125 0.6755208333333333 0.462109375 0.6770833333333334 0.466015625 0.6755208333333333 0.47109375 0.6791666666666667 0.475390625 0.6729166666666667 0.483984375 0.6692708333333334 0.489453125 0.6692708333333334 0.49609375 0.6614583333333334 0.508984375 0.6661458333333333 0.509765625 0.6692708333333334 0.5203125 0.6703125 0.529296875 0.6630208333333333 0.53828125 0.659375 0.54140625 0.653125 0.557421875 0.6479166666666667 0.565625 0.6479166666666667 0.5796875 0.6416666666666667 0.58046875 0.6364583333333333 0.577734375 0.63125 0.578125 0.6265625 0.57578125 0.6234375 0.575 0.6151041666666667 0.576953125 0.6072916666666667 0.5796875 0.6026041666666667 0.59609375 0.5932291666666667 0.603515625 0.584375 0.607421875 0.575 0.60546875 0.55 0.59921875 0.53125 0.592578125 0.5270833333333333 0.580078125 0.5265625 0.5625 0.534375 0.55 0.5427083333333333 0.526171875 0.5526041666666667 0.52109375 0.55625 0.51875 0.5604166666666667 0.51328125 0.5598958333333334 0.466015625 0.578125 0.459375 0.5828125 0.443359375 0.5864583333333333 0.43984375 0.5953125 0.434375 0.6192708333333333 0.43515625 0.6328125 0.43828125 0.6322916666666667
2 0.28996484375 0.4485364583333334 0.08741796874999999 0.16819270833333336
2 0.27253906250000004 0.3611302083333333 0.08870312499999997 0.10181250000000001
2 0.27135937499999996 0.5888281249999999 0.04135156249999996 0.11950000000000002
2 0.34765625 0.7140625 0.368359375 0.7322916666666667 0.376953125 0.7333333333333333 0.394921875 0.7255208333333333 0.4 0.7260416666666667 0.40234375 0.7208333333333333 0.405859375 0.71875 0.416796875 0.7171875 0.4234375 0.7067708333333333 0.439453125 0.6958333333333333 0.44609375 0.6760416666666667 0.4421875 0.6666666666666666 0.419921875 0.6385416666666667 0.41484375 0.6380208333333334 0.4078125 0.6458333333333334 0.40546875 0.653125 0.4 0.6552083333333333 0.39140625 0.665625 0.38671875 0.6833333333333333 0.383984375 0.6859375 0.380078125 0.6848958333333334 0.375 0.6875 0.369921875 0.6869791666666667 0.364453125 0.6833333333333333 0.358984375 0.6833333333333333 0.35234375 0.6921875 0.348046875 0.7046875 0.346484375 0.7125 0.34765625 0.7140625