2 0.33125 0.36147916666666663 0.16041406249999998 0.46117708333333335
0 0.314453125 0.25729166666666664 0.04765625 0.07291666666666667
0 0.53359375 0.34270833333333334 0.0421875 0.05416666666666667
0 0.5078125 0.25977083333333334 0.0390625 0.04960416666666667
0 0.542484375 0.39453125 0.04360937499999995 0.056114583333333336
0 0.5024453125 0.30745833333333333 0.04046874999999996 0.054447916666666644
0 0.5610390625 0.29296875 0.04202343749999997 0.0535520833333333
0 0.5747109375 0.34310416666666665 0.04132031250000008 0.052937500000000054
0 0.558109375 0.44140625 0.04138281250000002 0.05366666666666665
0 0.6103515625 0.34310416666666665 0.03854687499999994 0.05069791666666663
0 0.58203125 0.3958333333333333 0.03985937499999999 0.0535520833333333
0 0.6005859375 0.29378125 0.039124999999999945 0.05033333333333338
0 0.548828125 0.24788541666666666 0.04016406250000006 0.05082291666666669
0 0.534671875 0.20638541666666665 0.03942968750000002 0.047197916666666666
0 0.59765625 0.4427083333333333 0.03875781249999992 0.05334375000000004
0 0.587890625 0.24641666666666667 0.03774999999999995 0.045895833333333365
0 0.630375 0.43945833333333334 0.03435937500000001 0.04919791666666669
0 0.6694375 0.34082291666666664 0.03174218750000009 0.04659375000000002
0 0.5712890625 0.20654166666666668 0.03817968749999991 0.04674999999999999
0 0.6494140625 0.38607291666666665 0.032960937500000044 0.048302083333333336
0 0.6411171875 0.33919791666666665 0.03271875000000009 0.04666666666666662
0 0.569828125 0.5358125 0.03720312499999991 0.04529166666666669
0 0.623046875 0.24935416666666665 0.03595312499999999 0.044270833333333336
0 0.5166015625 0.171875 0.038820312500000044 0.047041666666666634
0 0.63428125 0.4879583333333333 0.0341796875 0.04785416666666661
0 0.6171875 0.39258333333333334 0.03628906250000004 0.049687500000000044
0 0.661625 0.2960625 0.03235156250000006 0.04520833333333331
0 0.565921875 0.48990625 0.039640625000000006 0.050541666666666644
0 0.318359375 0.31363541666666667 0.035062499999999996 0.05509374999999998
0 0.659671875 0.4309895833333333 0.03161718750000002 0.047562499999999966
0 0.6318359375 0.2942708333333333 0.0341796875 0.04659375000000002
0 0.5766640625 0.5765 0.03469531250000006 0.04136458333333337
0 0.4965859375 0.22265625 0.03774999999999995 0.05069791666666668
0 0.6762734375 0.38573958333333336 0.029476562500000015 0.04581250000000002
0 0.350828125 0.2846666666666666 0.03179687500000004 0.054239583333333355
0 0.48413281250000006 0.18717708333333333 0.03839062500000008 0.04939583333333335
0 0.348875 0.24251041666666667 0.028765625000000038 0.047041666666666634
0 0.603515625 0.48893749999999997 0.03662500000000009 0.04976041666666665
0 0.651859375 0.2561875 0.03125 0.04256250000000002
0 0.636234375 0.21533333333333332 0.032468749999999956 0.04006249999999998
0 0.687015625 0.4261041666666667 0.02876562499999995 0.04443749999999997
0 0.662109375 0.4752604166666667 0.03102343750000003 0.04614583333333329
0 0.6040078125 0.53515625 0.03408593750000009 0.04435416666666665
0 0.60546875 0.20638541666666665 0.03567187500000006 0.04520833333333331
0 0.6396484375 0.5296249999999999 0.032468749999999956 0.04504166666666662
0 0.6650390625 0.5166041666666666 0.030851562500000006 0.04394791666666661
0 0.3559609375 0.3375625 0.035218750000000035 0.056760416666666674
0 0.6865234375 0.4749375 0.026765624999999994 0.04128125
0 0.6069375 0.5732395833333332 0.032289062499999945 0.04019791666666658
0 0.5415078125 0.14103125 0.037109375 0.04354166666666668
0 0.607421875 0.6064479166666668 0.03137500000000006 0.03735416666666656
0 0.474609375 0.15592708333333333 0.03677343749999995 0.04695833333333332
0 0.587890625 0.17040625 0.03488281250000007 0.03975000000000003
0 0.634765625 0.5693333333333332 0.031203125000000043 0.04207291666666677
0 0.60546875 0.150875 0.03366406249999994 0.03664583333333334
0 0.6181640625 0.18310416666666668 0.033601562499999994 0.03908333333333332
0 0.55225 0.16927083333333334 0.03738281249999993 0.0418333333333333
0 0.632328125 0.6292291666666666 0.028484375000000027 0.035541666666666555
0 0.5068359375 0.13810416666666667 0.037109375 0.04394791666666666
0 0.46508593749999994 0.12361458333333333 0.03408593750000009 0.046145833333333316
0 0.68896875 0.5146458333333334 0.025132812500000056 0.03967708333333337
0 0.560546875 0.11344791666666666 0.032164062500000055 0.03664583333333334
0 0.5288125 0.11221874999999999 0.034242187499999945 0.04264583333333331
0 0.634765625 0.6012395833333334 0.02726562500000007 0.037552083333333285
0 0.6611328125 0.5563125 0.026656249999999916 0.03878125000000002
0 0.6606484375 0.5888645833333332 0.02650781250000005 0.03534375000000007
0 0.6840859375 0.5520833333333334 0.024570312500000035 0.036781249999999946
0 0.59375 0.12516666666666668 0.03137500000000006 0.03351041666666668
0 0.6586953125 0.6393229166666666 0.026109375000000056 0.03368749999999991
0 0.6611328125 0.6155625 0.024796875000000006 0.031635416666666555
0 0.57421875 0.14030208333333333 0.03460937499999996 0.03922916666666665
0 0.6240234375 0.73828125 0.022414062500000043 0.03440624999999997
0 0.607421875 0.7493541666666667 0.021453125000000028 0.035541666666666555
0 0.6826171875 0.5833333333333334 0.022078124999999994 0.032572916666666646
0 0.5888671875 0.7558645833333333 0.021648437500000027 0.03778124999999998
0 0.572265625 0.7630208333333334 0.021328124999999965 0.038062499999999964
0 0.679203125 0.6386770833333333 0.02092187499999998 0.027531250000000066
0 0.681640625 0.6106770833333334 0.022031250000000037 0.03005208333333324
0 0.5444375 0.43815624999999997 0.02006250000000005 0.037843750000000044
0 0.494140625 0.11328125 0.03185937499999998 0.041052083333333315
0 0.565921875 0.5667291666666666 0.02351562499999993 0.03344791666666656
0 0.6411171875 0.7330729166666666 0.023328124999999922 0.036781249999999946
0 0.2600078125 0.57584375 0.029476562500000015 0.04329166666666661
0 0.297609375 0.4846979166666667 0.030960937499999997 0.03643750000000002
0 0.349609375 0.3346354166666667 0.01861718750000003 0.023802083333333356
2 0.43842187499999996 0.6615625 0.1548828125 0.0985104166666666
0 0.493734375 0.6732395833333332 0.03842187500000005 0.09203124999999991
2 0.501375 0.7958333333333333 0.10679687500000004 0.15118749999999986