0 0.568359375 0.3307291666666667 0.042570312500000006 0.055906249999999956
0 0.53076171875 0.34472916666666664 0.04177734374999993 0.052854166666666674
0 0.5625 0.278484375 0.04147265625000003 0.05367187499999997
0 0.54052734375 0.3968125 0.04312109374999995 0.053062499999999936
0 0.607421875 0.3258489583333333 0.03774999999999995 0.05127083333333336
0 0.640625 0.3297552083333333 0.036070312500000055 0.048828125
0 0.6630859375 0.2866197916666666 0.031496093750000044 0.043619791666666664
0 0.54345703125 0.24072395833333332 0.040617187500000006 0.05464583333333331
0 0.6689453125 0.3299166666666667 0.03091406249999995 0.044270833333333336
0 0.5849609375 0.23388541666666668 0.039796875000000044 0.04996874999999997
0 0.58056640625 0.3844427083333333 0.04031249999999993 0.053062499999999936
0 0.501953125 0.201171875 0.03567578124999997 0.04976562499999997
0 0.6748046875 0.3756510416666667 0.031675781250000055 0.04451562500000002
0 0.65087890625 0.2459322916666667 0.032289062499999945 0.04296875000000003
0 0.6015625 0.27815625 0.03732421875000007 0.04939583333333332
0 0.61767578125 0.38183854166666664 0.03677343749999995 0.05025000000000001
0 0.63525390625 0.4801458333333333 0.033203125 0.046510416666666644
0 0.640625 0.20686979166666666 0.033781250000000006 0.04067187500000002
0 0.53466796875 0.185546875 0.038175781250000006 0.05444270833333332
0 0.595703125 0.43359375 0.040925781249999994 0.051109375000000054
0 0.60205078125 0.48144791666666664 0.037535156250000055 0.04785416666666661
0 0.47143750000000006 0.14599479166666668 0.03259375000000002 0.043458333333333314
0 0.66064453125 0.42285416666666664 0.032777343749999945 0.04748437500000004
0 0.62939453125 0.43066666666666664 0.035066406249999994 0.050046874999999956
0 0.50244140625 0.2532552083333333 0.03582812499999992 0.05367187499999997
0 0.62060546875 0.23877083333333332 0.03488281250000007 0.045041666666666674
0 0.6240234375 0.17057291666666666 0.03366015625000003 0.039
0 0.607421875 0.200359375 0.03567578124999997 0.04545312499999999
0 0.68603515625 0.416015625 0.030105468750000065 0.041994791666666725
0 0.57177734375 0.19108333333333333 0.03875781249999992 0.05367187499999997
0 0.64697265625 0.379234375 0.034089843749999994 0.0486666666666667
0 0.68701171875 0.4977239583333333 0.026457031250000006 0.039833333333333346
0 0.63330078125 0.283203125 0.03515625 0.046427083333333355
0 0.68603515625 0.45801041666666664 0.027374999999999972 0.0414427083333333
0 0.66064453125 0.5068385416666666 0.03204296875000008 0.04378124999999997
0 0.662109375 0.466796875 0.029816406249999972 0.044718749999999946
0 0.5126953125 0.15169270833333334 0.035554687499999994 0.042645833333333334
2 0.2839375 0.3610052083333333 0.09234765625000003 0.2884114583333333
0 0.60595703125 0.14201041666666667 0.03390625000000007 0.03863541666666666
0 0.50439453125 0.12825520833333334 0.032652343750000055 0.04247916666666665
0 0.55615234375 0.1540520833333333 0.03732421875000007 0.041666666666666664
0 0.59033203125 0.15950520833333334 0.03515625 0.03885937500000001
0 0.49194531250000006 0.10807291666666667 0.030503906250000056 0.04711979166666668
0 0.57421875 0.12939583333333332 0.034425781250000044 0.037067708333333324
0 0.56103515625 0.70703125 0.025863281250000016 0.03997916666666678
0 0.630859375 0.539390625 0.035066406249999994 0.04353645833333335
0 0.541015625 0.13077604166666665 0.03567578124999997 0.044718749999999995
0 0.52734375 0.10042187500000001 0.03366015625000003 0.034015625
0 0.6513671875 0.6705729166666666 0.027632812499999916 0.040364583333333336
0 0.64013671875 0.555015625 0.030152343750000022 0.0425624999999999
0 0.59423828125 0.11547916666666666 0.030792968749999972 0.030109375
0 0.6416015625 0.6419270833333334 0.031312499999999945 0.03778124999999998
0 0.68115234375 0.6217447916666666 0.02475000000000005 0.03657812500000001
0 0.5615234375 0.10221354166666667 0.03234765624999998 0.03163541666666667
0 0.61669921875 0.6240260416666668 0.028382812499999945 0.0360104166666666
0 0.6376953125 0.5875677083333334 0.031984375000000044 0.03678645833333339
0 0.6640625 0.6048177083333334 0.025863281250000016 0.03460937499999991
0 0.47802734375 0.18017708333333332 0.033601562499999994 0.05879687499999999
0 0.66650390625 0.5475260416666666 0.028062500000000056 0.039833333333333346
0 0.58740234375 0.630859375 0.032777343749999945 0.04005729166666659
0 0.58349609375 0.6842447916666666 0.028105468749999928 0.035276041666666674
0 0.60498046875 0.6764322916666666 0.028761718750000043 0.033510416666666744
0 0.66552734375 0.5813802083333334 0.026765624999999994 0.0381249999999999
0 0.68603515625 0.5693385416666668 0.022886718750000055 0.03513541666666668
0 0.552734375 0.7415364583333334 0.027113281249999944 0.03916666666666657
0 0.64306640625 0.6197916666666666 0.028593749999999928 0.03434375000000003
0 0.68798828125 0.5325520833333334 0.023726562499999916 0.036640624999999954
0 0.615234375 0.65071875 0.026109375000000056 0.03001041666666661
0 0.58984375 0.662109375 0.028929687499999978 0.033000000000000064
0 0.580078125 0.4270833333333333 0.02279687500000005 0.03849479166666671
0 0.6103515625 0.599609375 0.029039062500000056 0.0314114583333333
0 0.658203125 0.6324895833333334 0.026062499999999923 0.03236979166666672
0 0.49072265625 0.7545572916666666 0.028105468749999928 0.045041666666666674
2 0.28930859375 0.267578125 0.06982421875 0.11840624999999999
0 0.6298828125 0.6901041666666666 0.024992187500000006 0.036640624999999954
0 0.58447265625 0.4720052083333333 0.019273437500000056 0.03820833333333328
0 0.5693359375 0.7389322916666666 0.023863281250000055 0.030515625000000077
0 0.6103515625 0.7337239583333334 0.022078124999999994 0.033000000000000064
0 0.64990234375 0.697265625 0.022156249999999923 0.03657812500000001
2 0.35546875 0.7962239583333334 0.08947656249999998 0.08569270833333344
0 0.53369140625 0.7623697916666666 0.030730468750000028 0.025697916666666744
0 0.53515625 0.7493489583333334 0.020292968749999928 0.03005208333333324
0 0.51611328125 0.7473958333333334 0.026261718750000006 0.03288020833333339
0 0.625 0.5703125 0.017378906249999916 0.031166666666666742
0 0.62744140625 0.734375 0.022035156249999945 0.028989583333333256
0 0.60888671875 0.7102864583333334 0.021453125000000028 0.026286458333333228
0 0.58447265625 0.6080729166666666 0.029480468749999923 0.033000000000000064
0 0.6455078125 0.7272135416666666 0.020964843750000028 0.027000000000000076
0 0.68359375 0.6015625 0.024796875000000006 0.03629687500000003
0 0.5908203125 0.7421875 0.022156249999999923 0.03153645833333343
2 0.421875 0.684375 0.430859375 0.6989583333333333 0.4390625 0.7072916666666667 0.446875 0.7083333333333334 0.45546875 0.7203125 0.470703125 0.7203125 0.478515625 0.7239583333333334 0.533203125 0.7171875 0.54453125 0.7145833333333333 0.547265625 0.7109375 0.548046875 0.696875 0.544921875 0.6682291666666667 0.5421875 0.6614583333333334 0.541796875 0.6536458333333334 0.537890625 0.6489583333333333 0.490234375 0.6473958333333333 0.4859375 0.6453125 0.45703125 0.6510416666666666 0.43671875 0.6515625 0.42578125 0.6557291666666667 0.422265625 0.6598958333333333 0.419921875 0.6666666666666666 0.41953125 0.6739583333333333 0.421875 0.684375
2 0.43515625 0.74375 0.437890625 0.7484375 0.4484375 0.7536458333333333 0.4703125 0.7723958333333333 0.475 0.771875 0.479296875 0.7744791666666667 0.48203125 0.7791666666666667 0.49375 0.7786458333333334 0.49921875 0.7760416666666666 0.501953125 0.7770833333333333 0.5078125 0.7713541666666667 0.50390625 0.7505208333333333 0.504296875 0.7385416666666667 0.50234375 0.73125 0.484375 0.73125 0.466796875 0.7208333333333333 0.454296875 0.7203125 0.443359375 0.7239583333333334 0.437109375 0.7317708333333334 0.43515625 0.7359375 0.43515625 0.74375
2 0.42578125 0.8145833333333333 0.43203125 0.821875 0.44296875 0.8296875 0.4546875 0.8333333333333334 0.466015625 0.8317708333333333 0.46875 0.8286458333333333 0.471875 0.8151041666666666 0.475 0.815625 0.478125 0.8130208333333333 0.479296875 0.7864583333333334 0.46875 0.7802083333333333 0.466796875 0.7755208333333333 0.461328125 0.78125 0.458203125 0.7817708333333333 0.446484375 0.7760416666666666 0.4359375 0.765625 0.431640625 0.765625 0.424609375 0.7864583333333334 0.42421875 0.8046875 0.42578125 0.8145833333333333