2 0.385046875 0.27170833333333333 0.15234375 0.27239583333333334
0 0.53359375 0.3307291666666667 0.04375 0.057291666666666664
0 0.5248046875 0.2875 0.059765625 0.058333333333333334
0 0.5419921875 0.3828125 0.044007812499999945 0.05509374999999998
0 0.56103515625 0.282390625 0.04153515624999997 0.05334375000000001
0 0.60986328125 0.3325208333333334 0.03854296875000003 0.052083333333333336
0 0.57373046875 0.3333333333333333 0.039796875000000044 0.05224479166666664
0 0.5810546875 0.3854166666666667 0.03955078125 0.05326562499999999
0 0.55859375 0.4322916666666667 0.043031249999999945 0.05375000000000003
0 0.5146484375 0.23795833333333333 0.03860546874999997 0.05025000000000001
0 0.59716796875 0.4313177083333333 0.03891015625000005 0.052854166666666674
0 0.50244140625 0.20345312499999998 0.03759765625 0.05517708333333336
0 0.599609375 0.2849947916666667 0.03823828124999995 0.05216666666666668
0 0.6171875 0.3828125 0.037109375 0.05025000000000001
0 0.64208984375 0.329265625 0.034242187499999945 0.04858333333333332
0 0.63037109375 0.430015625 0.03533984374999992 0.04939583333333329
0 0.67138671875 0.3299166666666667 0.031800781249999945 0.04496354166666663
0 0.6630859375 0.287109375 0.03161718750000002 0.044270833333333336
0 0.6611328125 0.4215520833333333 0.033203125 0.04858333333333332
0 0.63330078125 0.2836927083333334 0.035402343750000044 0.04996875000000003
0 0.6748046875 0.3756510416666667 0.032164062500000055 0.04573437499999997
0 0.634765625 0.4781927083333333 0.033781250000000006 0.04634375000000001
0 0.5859375 0.23486458333333332 0.04098437500000003 0.05367187499999997
0 0.64892578125 0.24560416666666668 0.03155468750000008 0.04418750000000002
0 0.548828125 0.22249479166666666 0.039796875000000044 0.052572916666666636
0 0.53515625 0.18131770833333333 0.03875781249999992 0.048828125
0 0.60107421875 0.4791666666666667 0.03927734375000007 0.04874479166666663
0 0.6611328125 0.4664739583333333 0.03384374999999995 0.04740624999999999
0 0.64697265625 0.379234375 0.03436328124999992 0.048463541666666644
0 0.572265625 0.18880208333333334 0.04000781250000003 0.05004687500000002
0 0.47192578125000006 0.14273958333333334 0.034425781250000044 0.04353645833333335
0 0.6201171875 0.23844270833333334 0.035734375000000006 0.047203125
0 0.478515625 0.17919791666666668 0.03781250000000007 0.05867708333333332
0 0.6396484375 0.20670833333333333 0.03338671874999992 0.04020312500000003
0 0.51318359375 0.15088020833333332 0.036558593750000055 0.041604166666666664
0 0.685546875 0.414390625 0.029312499999999984 0.04321354166666668
0 0.55615234375 0.15462499999999998 0.03869531249999998 0.04240104166666665
0 0.60693359375 0.20003125 0.03650000000000002 0.04451562500000002
0 0.623046875 0.17122395833333334 0.0341796875 0.03857291666666664
0 0.365234375 0.311359375 0.043367187499999994 0.05834895833333332
0 0.35669140625 0.2578125 0.043031250000000035 0.05444270833333332
0 0.50537109375 0.12735937500000002 0.034425781250000044 0.04199479166666668
0 0.6845703125 0.45801041666666664 0.028441406249999978 0.04345833333333336
0 0.39087109375000006 0.2265625 0.04601953125000002 0.056520833333333326
0 0.60546875 0.14273958333333334 0.03454687500000002 0.03922395833333335
0 0.494140625 0.10595833333333333 0.03366015625000003 0.04565624999999998
0 0.59033203125 0.15999479166666666 0.03527734374999998 0.04005729166666665
0 0.54052734375 0.13053645833333333 0.036222656250000006 0.04565624999999998
2 0.3759765625 0.62109375 0.09551953125000004 0.15706249999999997
0 0.57421875 0.13102083333333334 0.03527734374999998 0.03960937499999999
0 0.52734375 0.10319270833333333 0.03436328124999992 0.040203125
0 0.68310546875 0.49511979166666664 0.034425781250000044 0.03989583333333328
0 0.34423828125 0.22281770833333334 0.036558593749999965 0.04634375000000001
0 0.6337890625 0.54525 0.04248046875 0.05497395833333337
0 0.5615234375 0.103921875 0.03289843749999992 0.03448437499999999
0 0.5947265625 0.11613020833333333 0.031675781250000055 0.03159375000000001
0 0.63818359375 0.5885416666666666 0.03210546875000002 0.0397552083333333
0 0.638671875 0.64453125 0.028703125000000006 0.041281250000000116
0 0.66064453125 0.5348333333333334 0.03515625 0.04801562500000003
0 0.48462109375000006 0.634765625 0.03601171875000002 0.050046875000000074
0 0.51953125 0.6474635416666668 0.03549218750000005 0.042234375000000074
0 0.3828125 0.1883125 0.03891015625000001 0.04536979166666667
0 0.66552734375 0.580078125 0.026550781249999923 0.0382083333333334
0 0.68603515625 0.5680364583333334 0.021941406250000028 0.03377083333333341
0 0.51806640625 0.6217447916666666 0.033265624999999945 0.037416666666666744
0 0.60400390625 0.6744791666666666 0.027695312500000034 0.03460937499999991
0 0.5849609375 0.70703125 0.02546874999999993 0.035218749999999945
0 0.61083984375 0.639 0.03192187499999992 0.055906250000000074
0 0.35571484375 0.609703125 0.03143359375000001 0.039000000000000055
0 0.59619140625 0.660484375 0.022246093749999928 0.044802083333333326
0 0.681640625 0.601890625 0.022414062500000043 0.03486979166666657
0 0.64453125 0.6920572916666666 0.023605468749999935 0.03834895833333339
0 0.66064453125 0.6334635416666666 0.023820312500000006 0.034401041666666764
0 0.6796875 0.519859375 0.03259375000000002 0.03713020833333337
0 0.6806640625 0.623375 0.022765625000000077 0.032817708333333445
0 0.6279296875 0.6666666666666666 0.024703124999999916 0.031473958333333246
0 0.66357421875 0.6051458333333334 0.025757812500000022 0.03501562500000001
0 0.63916015625 0.6188177083333334 0.027527343749999923 0.03369270833333336
0 0.5673828125 0.71875 0.023375000000000055 0.033000000000000064
0 0.52880859375 0.75390625 0.025863281250000016 0.03806770833333341
0 0.5693359375 0.744140625 0.024476562499999945 0.034932291666666754
0 0.607421875 0.7102864583333334 0.025039062499999966 0.031697916666666735
0 0.54638671875 0.72265625 0.024519531249999994 0.030515625000000077
0 0.35962109375 0.5859375 0.03161718750000002 0.032755208333333265
0 0.66748046875 0.6468125 0.021085937500000006 0.03129166666666663
0 0.626953125 0.697265625 0.024093749999999935 0.033833333333333354
0 0.46850781250000006 0.73046875 0.023468749999999972 0.045572916666666664
0 0.583984375 0.4723333333333333 0.01847656250000007 0.03877604166666669
0 0.5126953125 0.7161458333333334 0.024230468750000077 0.0342187499999999
0 0.4931640625 0.71875 0.020722656250000072 0.03792187499999997
0 0.62841796875 0.6048177083333334 0.022035156249999945 0.03713020833333332
0 0.64599609375 0.7252604166666666 0.021742187499999944 0.029541666666666563
0 0.3464375 0.6481145833333334 0.028703125000000006 0.03916666666666657
0 0.54931640625 0.7493489583333334 0.024429687499999984 0.038270833333333344
0 0.62841796875 0.73046875 0.021941406250000028 0.031697916666666735
0 0.3935546875 0.6009114583333334 0.03533984374999997 0.0381249999999999
0 0.60986328125 0.7369791666666666 0.021988281249999984 0.03798437499999992
0 0.36255078125 0.6442083333333334 0.027589843749999954 0.03533854166666662
0 0.48559765625000006 0.7493489583333334 0.020523437499999984 0.02801562499999998
0 0.5908203125 0.7526041666666666 0.023375000000000055 0.030234375000000095
0 0.49438671875000006 0.76171875 0.021242187500000044 0.029604166666666744
0 0.50732421875 0.7467447916666666 0.023148437500000084 0.029255208333333373
0 0.67724609375 0.7063802083333334 0.023070312499999978 0.03501562500000001
0 0.59033203125 0.7298177083333334 0.023695312499999944 0.031229166666666686
2 0.42919921875 0.78125 0.07366796875 0.07763541666666664
2 0.2868671875 0.5224635416666666 0.07055859374999995 0.16959895833333327
2 0.28540234375 0.2669270833333333 0.06634374999999997 0.1142604166666667
0 0.51123046875 0.763671875 0.020796874999999916 0.024026041666666723
0 0.4421875 0.6505208333333333 0.44609375 0.66875 0.460546875 0.6895833333333333 0.471875 0.6921875 0.491015625 0.6854166666666667 0.501953125 0.6859375 0.498828125 0.6822916666666666 0.509765625 0.6729166666666667 0.52109375 0.6723958333333333 0.528515625 0.665625 0.53203125 0.6661458333333333 0.533203125 0.6692708333333334 0.55703125 0.6619791666666667 0.55390625 0.659375 0.55234375 0.6520833333333333 0.558203125 0.6489583333333333 0.5640625 0.6520833333333333 0.56796875 0.6515625 0.57890625 0.6447916666666667 0.581640625 0.6401041666666667 0.581640625 0.6364583333333333 0.579296875 0.6265625 0.576171875 0.6213541666666667 0.576953125 0.6078125 0.580078125 0.6026041666666667 0.59609375 0.59375 0.603515625 0.584375 0.607421875 0.5729166666666666 0.60546875 0.5484375 0.600390625 0.5322916666666667 0.595703125 0.528125 0.580078125 0.5234375 0.57421875 0.5270833333333333 0.56796875 0.5244791666666667 0.560546875 0.5328125 0.559375 0.5375 0.549609375 0.5427083333333333 0.53359375 0.5479166666666667 0.506640625 0.5635416666666667 0.487109375 0.5697916666666667 0.484375 0.575 0.480078125 0.5770833333333333 0.466015625 0.578125 0.458984375 0.5828125 0.443359375 0.5864583333333333 0.434765625 0.6161458333333333 0.434375 0.6307291666666667 0.4421875 0.6505208333333333
2 0.2806796875 0.3661979166666667 0.10093359374999995 0.10222916666666665