2 0.34609375 0.18125 0.34609375 0.1875 0.3515625 0.3098958333333333 0.353515625 0.3260416666666667 0.355859375 0.3296875 0.35390625 0.340625 0.356640625 0.365625 0.357421875 0.36770833333333336 0.36171875 0.3651041666666667 0.367578125 0.3765625 0.367578125 0.38229166666666664 0.36484375 0.3848958333333333 0.36875 0.396875 0.3765625 0.3963541666666667 0.376171875 0.3932291666666667 0.382421875 0.3927083333333333 0.383984375 0.3963541666666667 0.389453125 0.3963541666666667 0.392578125 0.3880208333333333 0.39921875 0.38229166666666664 0.40234375 0.38697916666666665 0.408203125 0.40625 0.41953125 0.4041666666666667 0.42109375 0.4005208333333333 0.427734375 0.3963541666666667 0.43515625 0.3953125 0.451171875 0.38385416666666666 0.457421875 0.3828125 0.478515625 0.3729166666666667 0.5046875 0.3567708333333333 0.508984375 0.3489583333333333 0.4921875 0.29375 0.487109375 0.284375 0.4859375 0.2713541666666667 0.477734375 0.2515625 0.477734375 0.24739583333333334 0.473828125 0.23645833333333333 0.4515625 0.1921875 0.447265625 0.1765625 0.440625 0.16354166666666667 0.43671875 0.15052083333333333 0.433984375 0.14739583333333334 0.432421875 0.14270833333333333 0.433203125 0.13802083333333334 0.42265625 0.11875 0.41875 0.1171875 0.41171875 0.10989583333333333 0.4 0.11354166666666667 0.384375 0.12291666666666666 0.358984375 0.1421875 0.35078125 0.15520833333333334 0.35078125 0.1703125 0.34609375 0.18125
0 0.42346093749999997 0.36044791666666665 0.06430468749999996 0.05669791666666661
0 0.41039843749999994 0.303421875 0.044878906249999996 0.07066145833333337
0 0.399234375 0.2729270833333333 0.05381250000000004 0.06623437500000001
0 0.38304687499999995 0.18903645833333332 0.04599609374999995 0.05178124999999998
0 0.42412890625 0.19223437499999999 0.03885156250000001 0.029895833333333323
0 0.40950390625 0.15696354166666668 0.034164062500000016 0.03973437499999998
0 0.43706640625000004 0.22632812500000002 0.03846484374999992 0.03613020833333334
0 0.4465703125 0.27280208333333333 0.03937109374999999 0.04863020833333331
0 0.473796875 0.33021875 0.05234375 0.05283854166666669
0 0.5487734375 0.385703125 0.05798046874999994 0.06550520833333333
0 0.55861328125 0.42839062499999997 0.05404296874999996 0.05293229166666672
0 0.5383515625 0.33239062500000005 0.039878906250000054 0.05674479166666669
0 0.57229296875 0.2901666666666667 0.04927343749999995 0.07450520833333331
2 0.258984375 0.31197916666666664 0.26328125 0.3171875 0.2671875 0.31875 0.275 0.31666666666666665 0.2828125 0.30520833333333336 0.2875 0.3015625 0.291796875 0.2921875 0.30234375 0.2828125 0.301953125 0.2791666666666667 0.30625 0.2734375 0.312109375 0.2703125 0.316015625 0.26458333333333334 0.31796875 0.259375 0.320703125 0.2375 0.318359375 0.22083333333333333 0.315234375 0.2171875 0.300390625 0.20885416666666667 0.294921875 0.209375 0.278515625 0.22864583333333333 0.261328125 0.25625 0.255859375 0.2760416666666667 0.25546875 0.2953125 0.258984375 0.31197916666666664
2 0.26451171875 0.366953125 0.075390625 0.10307812500000005
2 0.34548046875 0.32734375 0.05764843749999997 0.2075260416666667
0 0.31484375 0.3223958333333333 0.316796875 0.32760416666666664 0.319921875 0.3307291666666667 0.328125 0.33489583333333334 0.34375 0.3385416666666667 0.351953125 0.3375 0.353125 0.3333333333333333 0.35078125 0.3109375 0.35078125 0.29322916666666665 0.34921875 0.28802083333333334 0.344140625 0.2833333333333333 0.34453125 0.2791666666666667 0.341796875 0.278125 0.336328125 0.28125 0.3296875 0.28229166666666666 0.320703125 0.2890625 0.315625 0.2947916666666667 0.313671875 0.30625 0.31328125 0.3151041666666667 0.31484375 0.3223958333333333
0 0.30546875 0.3770833333333333 0.310546875 0.38229166666666664 0.315625 0.38333333333333336 0.33828125 0.3802083333333333 0.345703125 0.37135416666666665 0.35 0.353125 0.348046875 0.3494791666666667 0.348046875 0.3453125 0.34375 0.34010416666666665 0.319140625 0.3307291666666667 0.3140625 0.3307291666666667 0.31015625 0.3338541666666667 0.306640625 0.3416666666666667 0.304296875 0.353125 0.303125 0.36875 0.30546875 0.3770833333333333
0 0.504078125 0.6788645833333333 0.010789062499999957 0.001218750000000076
2 0.441015625 0.6572916666666667 0.4453125 0.6703125 0.455859375 0.6854166666666667 0.466796875 0.6942708333333333 0.475 0.6953125 0.478515625 0.69375 0.485546875 0.703125 0.49765625 0.7072916666666667 0.501171875 0.7026041666666667 0.518359375 0.703125 0.53359375 0.7088541666666667 0.563671875 0.7010416666666667 0.576953125 0.6921875 0.58125 0.684375 0.591015625 0.6791666666666667 0.59375 0.6692708333333334 0.59375 0.6651041666666667 0.59140625 0.6619791666666667 0.591796875 0.6583333333333333 0.5875 0.65 0.59296875 0.6416666666666667 0.5875 0.6416666666666667 0.58359375 0.6380208333333334 0.57578125 0.6078125 0.57578125 0.5994791666666667 0.53203125 0.6109375 0.5234375 0.6151041666666667 0.521875 0.6239583333333333 0.51796875 0.621875 0.508984375 0.621875 0.474609375 0.6328125 0.450390625 0.634375 0.44296875 0.6385416666666667 0.439453125 0.6421875 0.441015625 0.6572916666666667
2 0.34975 0.6807291666666667 0.12515624999999994 0.157140625
0 0.47440234375 0.734859375 0.023777343749999957 0.04931249999999991
0 0.5993125 0.7435677083333334 0.13462890625000004 0.05949479166666668