2 0.425 0.6453125 0.2078125 0.3072916666666667
0 0.5073203125 0.30716666666666664 0.046164062499999936 0.06653125
0 0.4620390625 0.12136458333333335 0.04184374999999996 0.04944791666666667
0 0.5610937500000001 0.3031875 0.04342187499999994 0.0721770833333333
0 0.5435078125 0.39215625000000004 0.07692187500000003 0.06556250000000005
0 0.5636328125000001 0.44176041666666666 0.048499999999999946 0.04078124999999998
0 0.49273437500000006 0.23324999999999999 0.06413281249999994 0.0844375
0 0.587890625 0.24739583333333334 0.03515625 0.04479166666666667
0 0.571875 0.209375 0.0359375 0.05
0 0.552734375 0.1703125 0.03515625 0.042708333333333334
0 0.54140625 0.1375 0.034375 0.0375
0 0.503125 0.11302083333333333 0.046875 0.040625
0 0.6005859375 0.29362499999999997 0.0390625 0.049687500000000044
0 0.534671875 0.20605208333333333 0.039124999999999945 0.047197916666666666
0 0.59765625 0.44238541666666664 0.03869531249999998 0.052739583333333326
0 0.5166015625 0.17138541666666668 0.03860156250000006 0.04573958333333336
0 0.5747109375 0.3434270833333333 0.04114062500000006 0.05244791666666669
0 0.548828125 0.24641666666666667 0.04024999999999999 0.050052083333333316
0 0.5336953125 0.3401666666666667 0.04183593749999996 0.05383333333333328
0 0.57421875 0.1398125 0.03506250000000009 0.03953124999999999
0 0.604984375 0.20605208333333333 0.03650000000000002 0.04581250000000002
0 0.630859375 0.43945833333333334 0.03460937499999996 0.04911458333333331
0 0.587890625 0.17089583333333333 0.03499999999999996 0.03953124999999999
0 0.6416015625 0.3395208333333333 0.033265624999999945 0.04732291666666662
0 0.6103515625 0.34310416666666665 0.03839062500000008 0.05069791666666663
0 0.6171875 0.39225 0.03628906250000004 0.04919791666666669
0 0.5703125 0.53515625 0.037687500000000006 0.04614583333333329
0 0.560546875 0.11328125 0.032468749999999956 0.03568749999999999
0 0.60546875 0.15120833333333333 0.03408593750000009 0.03755208333333335
0 0.603515625 0.48893749999999997 0.03698437499999994 0.050416666666666644
0 0.6225625 0.2491875 0.035398437499999956 0.04378125000000003
0 0.565921875 0.48990625 0.040101562499999945 0.05033333333333338
0 0.6318359375 0.2942708333333333 0.03430468750000006 0.04666666666666662
0 0.64990625 0.38573958333333336 0.033265624999999945 0.047645833333333346
0 0.659671875 0.4313125 0.03204687499999999 0.04740624999999999
0 0.483890625 0.18652083333333333 0.03854687499999994 0.04785416666666666
0 0.63428125 0.4879583333333333 0.03435937500000001 0.0480104166666667
0 0.47534375000000006 0.15462499999999998 0.037046875000000055 0.044437499999999984
0 0.5288125 0.11148958333333334 0.03454687500000002 0.04152083333333335
0 0.662109375 0.4752604166666667 0.031203125000000043 0.04634375000000001
0 0.5068359375 0.13761458333333335 0.03796093749999994 0.04288541666666668
0 0.6694375 0.34082291666666664 0.032164062500000055 0.04659375000000002
0 0.636234375 0.21533333333333332 0.03240625000000001 0.04028125000000002
0 0.607421875 0.5732395833333332 0.03174218750000009 0.03997916666666678
0 0.661625 0.29573958333333333 0.03265624999999996 0.0448854166666667
0 0.576171875 0.5765 0.035218749999999945 0.041989583333333275
0 0.59375 0.12557291666666667 0.03185937499999998 0.03428125
0 0.6762734375 0.3854166666666667 0.029648437500000034 0.04529166666666669
0 0.6396484375 0.5299479166666666 0.032164062500000055 0.04463541666666663
0 0.6176796875 0.18342708333333332 0.03307812499999994 0.03916666666666669
0 0.6650390625 0.5166041666666668 0.030789062500000065 0.04378125000000003
0 0.687015625 0.42578125 0.028976562499999935 0.043947916666666725
0 0.6040078125 0.5354791666666666 0.03384374999999995 0.04512499999999999
0 0.634765625 0.5690104166666666 0.031203125000000043 0.04223958333333329
0 0.651859375 0.25667708333333333 0.031984375000000044 0.04403125000000001
0 0.607421875 0.606125 0.031492187499999956 0.0372708333333333
0 0.634765625 0.6012395833333334 0.02726562500000007 0.036781249999999946
0 0.687015625 0.4749375 0.02711718750000003 0.04215625000000003
0 0.6606484375 0.58821875 0.026351562500000016 0.03649999999999996
0 0.6611328125 0.5566458333333333 0.027179687499999973 0.040062500000000036
0 0.6884765625 0.5143229166666666 0.025664062499999928 0.039531250000000046
0 0.632328125 0.6285833333333334 0.028976562499999935 0.036354166666666764
0 0.6840859375 0.5520833333333334 0.025039062499999966 0.0372708333333333
2 0.2756328125 0.42285416666666664 0.08880468749999997 0.14371875000000003
2 0.29053125 0.53353125 0.09485156249999997 0.1326458333333333
0 0.6591796875 0.6399791666666667 0.02546874999999993 0.032572916666666646
0 0.624515625 0.73828125 0.022296874999999973 0.03534375000000007
0 0.6611328125 0.6152395833333333 0.024796875000000006 0.03110416666666656
0 0.6826171875 0.58365625 0.022765625000000077 0.03344791666666656
0 0.4052734375 0.6868541666666667 0.028929687499999978 0.03493749999999996
0 0.679203125 0.63834375 0.021117187499999978 0.028114583333333342
2 0.292234375 0.2696979166666667 0.06878906249999997 0.11426041666666663
0 0.681640625 0.6103541666666668 0.022031250000000037 0.02972916666666663
0 0.6411171875 0.7317708333333334 0.022296874999999973 0.0342187499999999
0 0.401859375 0.64909375 0.02356250000000002 0.029947916666666668
0 0.390625 0.7018229166666666 0.026812499999999996 0.03005208333333324
0 0.3618203125 0.6764375 0.020492187500000016 0.02525000000000001
0 0.378421875 0.7135416666666666 0.02650781249999996 0.02854166666666676
0 0.34253125 0.70703125 0.025515624999999976 0.029312500000000106
0 0.3557109375 0.6894583333333333 0.026765624999999994 0.03104166666666662
0 0.3793984375 0.6621145833333333 0.02748437499999996 0.03357291666666669
0 0.5551796875 0.5224583333333334 0.01478906250000005 0.034489583333333344
0 0.40771875 0.6341145833333334 0.021773437499999958 0.027427083333333258
2 0.44765625 0.7604166666666666 0.47578125 0.78125 0.5109375 0.78125 0.54296875 0.7708333333333334 0.5484375 0.7635416666666667 0.5453125 0.74375 0.52890625 0.7083333333333334 0.51328125 0.6927083333333334 0.46640625 0.6895833333333333 0.44296875 0.7041666666666667 0.4390625 0.71875 0.4375 0.7479166666666667 0.44765625 0.7604166666666666