0 0.3599921875 0.29801041666666667 0.043082031249999986 0.05483333333333332
0 0.35057031250000004 0.2503854166666667 0.03487890624999999 0.042234374999999984
2 0.281166796875 0.26359895833333336 0.28858867187500004 0.289640625 0.296791796875 0.30057812500000003 0.28849960937499997 0.35469791666666667 0.29153671875 0.4008848958333333 0.29335859375 0.4308661458333333 0.298217578125 0.4260041666666667 0.306113671875 0.44788229166666665 0.292144140625 0.5013619791666667 0.306113671875 0.4681401041666666 0.302469140625 0.4827255208333333 0.31340195312499997 0.5086552083333333 0.33951875 0.5516010416666667 0.3462 0.5702380208333333 0.3589546875 0.5961677083333333 0.37353125 0.6131838541666668 0.39531782031249996 0.6238534807291667 0.4184765625 0.6156145833333333 0.423335546875 0.6115630208333334 0.430623828125 0.6229072916666667 0.43669765624999995 0.6131838541666668 0.43669765624999995 0.6091322916666667 0.418276171875 0.5266197916666667 0.443276171875 0.6057864583333333 0.447182421875 0.609953125 0.501479296875 0.5938072916666666 0.502651171875 0.5896406249999999 0.501479296875 0.5724531249999999 0.499916796875 0.5589114583333333 0.49757304687500004 0.5547447916666666 0.469057421875 0.5620364583333333 0.449916796875 0.4766197916666667 0.447963671875 0.477140625 0.443666796875 0.4734947916666667 0.44093242187500004 0.4682864583333333 0.44093242187500004 0.463078125 0.435463671875 0.4453697916666667 0.436635546875 0.43339062500000003 0.439369921875 0.4297447916666667 0.436244921875 0.4057864583333333 0.422963671875 0.36307812500000003 0.414369921875 0.3203697916666667 0.404604296875 0.283390625 0.402260546875 0.266203125 0.393276171875 0.23078645833333333 0.392494921875 0.20995312500000002 0.389369921875 0.203703125 0.388588671875 0.19536979166666668 0.384682421875 0.191203125 0.38429179687500004 0.18443229166666666 0.372963671875 0.16307812500000002 0.367104296875 0.15630729166666668 0.36280742187500004 0.15526562500000002 0.357338671875 0.15005729166666668 0.35304179687500004 0.149015625 0.344838671875 0.15109895833333334 0.338198046875 0.14745312500000002 0.330776171875 0.14849479166666668 0.310463671875 0.16359895833333335 0.285463671875 0.19068229166666667 0.28272929687500004 0.19536979166666668 0.281166796875 0.20422395833333334 0.28272929687500004 0.228703125 0.289760546875 0.239640625 0.277260546875 0.2578697916666667 0.281166796875 0.26359895833333336
2 0.24375 0.4046875 0.242578125 0.41875 0.23984375 0.42291666666666666 0.241015625 0.4270833333333333 0.23984375 0.4348958333333333 0.246484375 0.5015625 0.25078125 0.50625 0.259375 0.5109375 0.266796875 0.5083333333333333 0.269140625 0.5114583333333333 0.268359375 0.5135416666666667 0.271484375 0.5213541666666667 0.270703125 0.5255208333333333 0.264453125 0.5296875 0.26484375 0.534375 0.26796875 0.5369791666666667 0.27421875 0.5328125 0.275390625 0.5286458333333334 0.284765625 0.525 0.30390625 0.509375 0.298046875 0.48489583333333336 0.303125 0.47604166666666664 0.309375 0.4703125 0.301953125 0.46458333333333335 0.304296875 0.44427083333333334 0.302734375 0.39479166666666665 0.29921875 0.37552083333333336 0.295703125 0.36666666666666664 0.291015625 0.3296875 0.287109375 0.325 0.280078125 0.32135416666666666 0.266796875 0.32083333333333336 0.263671875 0.3223958333333333 0.259765625 0.3328125 0.260546875 0.3375 0.258203125 0.3494791666666667 0.259375 0.3541666666666667 0.255078125 0.3625 0.24609375 0.36822916666666666 0.2421875 0.384375 0.2421875 0.39739583333333334 0.24375 0.4046875
0 0.5164921875 0.28139583333333335 0.04448828124999995 0.05422395833333331
0 0.4915 0.09393750000000001 0.037589843750000004 0.03875520833333332
0 0.52999609375 0.09216666666666667 0.02048437500000002 0.04109375000000002
0 0.5630546875 0.10115104166666668 0.02778906249999995 0.028348958333333337
0 0.5991015625 0.10903125 0.03421093749999997 0.027765625000000002
0 0.57358203125 0.4554635416666667 0.07719921875000005 0.08196875000000006
0 0.5331171875 0.34114062500000003 0.04533593749999998 0.06245312500000004
0 0.5599960937499999 0.5858489583333333 0.04242187499999996 0.07259375000000005
0 0.53959375 0.17788020833333332 0.029953124999999935 0.048984374999999976
0 0.5879296875 0.22577083333333334 0.021374999999999922 0.05084375
0 0.59375 0.20572916666666666 0.598046875 0.21614583333333334 0.603125 0.22239583333333332 0.6125 0.21770833333333334 0.6203125 0.2171875 0.625 0.21145833333333333 0.62578125 0.20625 0.62421875 0.19270833333333334 0.619140625 0.18541666666666667 0.6109375 0.18020833333333333 0.6046875 0.17916666666666667 0.598046875 0.18020833333333333 0.592578125 0.184375 0.5921875 0.19739583333333333 0.59375 0.20572916666666666
0 0.61015625 0.2546875 0.61484375 0.2578125 0.61875 0.2635416666666667 0.634375 0.25729166666666664 0.63828125 0.24739583333333334 0.63828125 0.240625 0.6359375 0.2296875 0.632421875 0.22395833333333334 0.621875 0.2171875 0.610546875 0.21770833333333334 0.605078125 0.22291666666666668 0.606640625 0.24427083333333333 0.61015625 0.2546875
0 0.619140625 0.2869791666666667 0.618359375 0.2994791666666667 0.619921875 0.3020833333333333 0.63125 0.30572916666666666 0.643359375 0.3046875 0.64609375 0.3015625 0.650390625 0.3026041666666667 0.650390625 0.28854166666666664 0.648046875 0.271875 0.643359375 0.26666666666666666 0.635546875 0.2609375 0.62734375 0.2598958333333333 0.62109375 0.2630208333333333 0.615625 0.2713541666666667 0.615234375 0.2786458333333333 0.619140625 0.2869791666666667
0 0.604484375 0.28559375000000004 0.034246093750000026 0.06254166666666666
0 0.58125 0.2760416666666667 0.583203125 0.29010416666666666 0.58515625 0.2984375 0.590625 0.30520833333333336 0.598828125 0.30833333333333335 0.606640625 0.30833333333333335 0.61328125 0.30572916666666666 0.614453125 0.3020833333333333 0.617578125 0.3 0.6203125 0.2859375 0.616015625 0.27395833333333336 0.609765625 0.26614583333333336 0.60078125 0.2604166666666667 0.59453125 0.2598958333333333 0.5875 0.2630208333333333 0.582942578125 0.2685765625 0.58125 0.2708333333333333 0.58125 0.2760416666666667
0 0.66171875 0.353125 0.67734375 0.3536458333333333 0.682421875 0.346875 0.688671875 0.34479166666666666 0.68984375 0.3296875 0.684765625 0.325 0.676171875 0.31197916666666664 0.66484375 0.30885416666666665 0.65625 0.3151041666666667 0.65703125 0.346875 0.66171875 0.353125
0 0.63359375 0.3828125 0.633203125 0.39427083333333335 0.6359375 0.39947916666666666 0.642578125 0.4036458333333333 0.65 0.40520833333333334 0.65546875 0.40208333333333335 0.66328125 0.3927083333333333 0.671484375 0.3963541666666667 0.664453125 0.37864583333333335 0.66484375 0.3729166666666667 0.662890625 0.36770833333333336 0.655859375 0.3578125 0.65 0.35520833333333335 0.640234375 0.35572916666666665 0.63671875 0.3572916666666667 0.631640625 0.36614583333333334 0.63125 0.3729166666666667 0.63359375 0.3828125
0 0.55625 0.3807291666666667 0.558984375 0.3958333333333333 0.575 0.41041666666666665 0.5828125 0.41302083333333334 0.591796875 0.409375 0.600390625 0.3958333333333333 0.601953125 0.3880208333333333 0.599609375 0.37552083333333336 0.59296875 0.3645833333333333 0.58671875 0.36041666666666666 0.575390625 0.36041666666666666 0.56640625 0.36666666666666664 0.565625 0.3692708333333333 0.56015625 0.36875 0.558203125 0.3723958333333333 0.559765625 0.3776041666666667 0.55625 0.3807291666666667
0 0.576796875 0.33886979166666664 0.037300781249999915 0.06502604166666662
0 0.5605234375 0.28396875 0.03921484374999995 0.05440625000000002
0 0.50369921875 0.19192708333333333 0.036042968749999994 0.04169791666666664
0 0.48583984375 0.17530208333333333 0.05283203125 0.03760937500000002
0 0.4788671875 0.13384895833333335 0.04052734375 0.04950520833333332
0 0.514828125 0.14985416666666668 0.02986328124999993 0.03266145833333335
0 0.59728515625 0.15755729166666665 0.03841796874999996 0.03297916666666669
0 0.55651171875 0.156875 0.03878125000000008 0.03270833333333331
0 0.5422421875000001 0.13038020833333333 0.02849609374999993 0.033906249999999985
0 0.645765625 0.20535416666666664 0.03272656250000008 0.037307291666666666
0 0.6588515625 0.24565625000000002 0.04603906250000005 0.04435937499999998
0 0.6681210937500001 0.29082291666666665 0.03844921874999994 0.058932291666666685
0 0.6454765625000001 0.33571875 0.030484374999999987 0.048624999999999946
0 0.6203203125 0.37840625 0.03243359375000008 0.047734375000000044
0 0.615234375 0.446875 0.623046875 0.453125 0.628515625 0.4546875 0.63828125 0.453125 0.648828125 0.4401041666666667 0.654296875 0.4432291666666667 0.65703125 0.43645833333333334 0.659375 0.4354166666666667 0.645308203125 0.4351333333333333 0.65 0.4083333333333333 0.647265625 0.41354166666666664 0.6443359375 0.4140625 0.634765625 0.40572916666666664 0.629296875 0.40572916666666664 0.614453125 0.4161458333333333 0.61328125 0.4203125 0.615234375 0.446875
0 0.64765625 0.4359375 0.6484375 0.4390625 0.652734375 0.4432291666666667 0.657421875 0.44583333333333336 0.662109375 0.4453125 0.676953125 0.434375 0.68203125 0.4354166666666667 0.676171875 0.4276041666666667 0.67734375 0.4161458333333333 0.672265625 0.40677083333333336 0.667578125 0.40208333333333335 0.662890625 0.39895833333333336 0.658203125 0.39947916666666666 0.64609375 0.4109375 0.645703125 0.421875 0.64765625 0.4359375
0 0.684375 0.43697916666666664 0.6921875 0.4359375 0.69765625 0.42916666666666664 0.7015625 0.4192708333333333 0.6984375 0.4005208333333333 0.693359375 0.3963541666666667 0.685546875 0.39479166666666665 0.676953125 0.4041666666666667 0.67734375 0.4328125 0.684375 0.43697916666666664
0 0.678578125 0.37517187500000004 0.02908984374999992 0.04158333333333329
0 0.625 0.5604166666666667 0.62734375 0.5625 0.63046875 0.5734375 0.65078125 0.5796875 0.650390625 0.5760416666666667 0.653125 0.5708333333333333 0.655078125 0.5604166666666667 0.651953125 0.5427083333333333 0.648046875 0.5364583333333334 0.6421875 0.5338541666666666 0.63828125 0.5348958333333333 0.630859375 0.5432291666666667 0.626171875 0.5526041666666667 0.627734375 0.5557291666666667 0.625 0.5604166666666667
0 0.60873828125 0.5720937500000001 0.022492187499999972 0.03583854166666664
0 0.6280820312500001 0.6316145833333333 0.09042578125000009 0.08065104166666662
0 0.550828125 0.7485468750000001 0.11805078125000001 0.04399479166666656
0 0.54921875 0.730515625 0.11294140625000004 0.09249479166666674
0 0.4927890625 0.7550416666666667 0.06669921875 0.04508854166666675
2 0.32979296874999997 0.6989583333333333 0.04132421874999999 0.0672031250000001
2 0.285546875 0.6260416666666667 0.294921875 0.634375 0.31796875 0.6151041666666667 0.324609375 0.6036458333333333 0.325 0.5973958333333333 0.330078125 0.5963541666666666 0.333203125 0.5901041666666667 0.341015625 0.5838541666666667 0.345703125 0.5760416666666667 0.345703125 0.5734375 0.3421875 0.5645833333333333 0.330078125 0.5442708333333334 0.32734375 0.5489583333333333 0.32265625 0.5463541666666667 0.323046875 0.5442708333333334 0.319921875 0.5390625 0.31640625 0.5385416666666667 0.310546875 0.5411458333333333 0.3078125 0.5447916666666667 0.303125 0.5583333333333333 0.298046875 0.55625 0.289453125 0.5604166666666667 0.26953125 0.5916666666666667 0.269140625 0.5953125 0.285546875 0.6260416666666667