2 0.38965625 0.27428125 0.153125 0.27239583333333334
0 0.4205078125 0.32526041666666666 0.051953125 0.06614583333333333
0 0.4037109375 0.27630208333333334 0.048046875 0.058854166666666666
0 0.515625 0.2875 0.04140625 0.058333333333333334
0 0.39331250000000006 0.22819270833333333 0.044343750000000036 0.05326562499999999
0 0.501953125 0.20215104166666667 0.037109375 0.05326562499999999
0 0.56103515625 0.284015625 0.04147265625000003 0.05578645833333331
0 0.5712890625 0.3336614583333333 0.04217578124999992 0.05375000000000003
0 0.55859375 0.43261979166666664 0.04281640625000005 0.05375000000000003
0 0.54150390625 0.383140625 0.043031249999999945 0.054567708333333326
0 0.60986328125 0.3325208333333334 0.038175781250000006 0.052083333333333336
0 0.3544921875 0.2514635416666667 0.03811718749999997 0.04488020833333331
0 0.58203125 0.3854166666666667 0.039640625000000006 0.052854166666666674
0 0.59765625 0.431640625 0.038972656249999994 0.052854166666666674
0 0.5146484375 0.23877083333333332 0.038332031250000044 0.05159375000000003
0 0.5859375 0.2351875 0.04113671874999998 0.05395312500000002
0 0.36474609375 0.3111979166666667 0.04098437500000003 0.05497395833333331
0 0.599609375 0.2853177083333333 0.03823828124999995 0.052651041666666655
0 0.6171875 0.3824895833333333 0.037687500000000006 0.050416666666666644
0 0.54833984375 0.22411979166666668 0.03918359374999998 0.05497395833333331
0 0.6630859375 0.2864583333333333 0.031496093750000044 0.043619791666666664
0 0.6416015625 0.329265625 0.03436328124999992 0.04829687500000001
0 0.63427734375 0.47884375 0.03384374999999995 0.04658854166666669
0 0.63037109375 0.4293645833333333 0.03488281250000007 0.04939583333333329
0 0.53466796875 0.18278125 0.03839062500000008 0.050619791666666636
0 0.34497265625 0.22265625 0.03698828125000002 0.04288541666666668
0 0.63330078125 0.28434375 0.03533984374999992 0.05098437500000002
0 0.6748046875 0.375328125 0.032472656250000044 0.045041666666666674
0 0.67138671875 0.3297552083333333 0.03234765624999998 0.044187499999999956
0 0.60107421875 0.47949479166666664 0.039124999999999945 0.0486666666666667
0 0.64892578125 0.2459322916666667 0.03155468750000008 0.04427083333333336
0 0.47729687500000006 0.17676041666666667 0.03567578124999997 0.05367187499999997
0 0.66064453125 0.4215520833333333 0.032960937500000044 0.048463541666666644
0 0.66064453125 0.46582291666666664 0.03384374999999995 0.04626562499999996
0 0.64697265625 0.3785833333333333 0.034425781250000044 0.0475677083333333
0 0.47216796875 0.14127604166666666 0.03390625000000007 0.04152604166666667
0 0.57177734375 0.188640625 0.039488281250000055 0.049598958333333346
0 0.51318359375 0.151203125 0.036070312500000055 0.04144270833333334
0 0.6201171875 0.23893229166666666 0.03567578124999997 0.04626562500000002
0 0.60693359375 0.20052083333333334 0.03650000000000002 0.04471875000000001
0 0.685546875 0.414390625 0.02914453125000005 0.04296875
0 0.63916015625 0.20735937499999998 0.032472656250000044 0.04083333333333332
0 0.55615234375 0.1540520833333333 0.03845312500000002 0.041911458333333346
0 0.68505859375 0.4576822916666667 0.029480468749999923 0.04337499999999998
0 0.623046875 0.17122395833333334 0.03430078124999998 0.038270833333333344
0 0.541015625 0.13077604166666668 0.03698828125000002 0.045734375
0 0.49389843750000006 0.1050625 0.033140625000000055 0.043703125000000016
0 0.59033203125 0.15999479166666666 0.03533984374999992 0.04044791666666665
0 0.60595703125 0.14273958333333334 0.03430078124999998 0.03930729166666668
0 0.46923828125 0.662109375 0.03533984374999992 0.045041666666666674
0 0.5166015625 0.63671875 0.03561328125000003 0.065875
0 0.5048828125 0.12686979166666668 0.034089843749999994 0.041218750000000005
0 0.52734375 0.10319270833333333 0.03448437500000008 0.039833333333333346
0 0.48486328125 0.6302083333333334 0.03643750000000008 0.046671875000000064
0 0.68115234375 0.49511979166666664 0.03689453124999993 0.042317708333333336
0 0.57421875 0.131265625 0.03533984374999992 0.04036458333333332
0 0.63232421875 0.5436197916666666 0.03955078125 0.05069791666666668
0 0.38257031249999995 0.18994270833333332 0.037199218749999964 0.04435416666666665
0 0.5615234375 0.10376041666666666 0.03259375000000002 0.03448437499999999
0 0.59423828125 0.11637499999999999 0.03204296875000008 0.032510416666666674
0 0.61083984375 0.6396510416666668 0.03271484375 0.0557864583333334
0 0.63818359375 0.590171875 0.03204296875000008 0.04067187500000007
0 0.6611328125 0.5348333333333334 0.03738281249999993 0.0491927083333333
0 0.63818359375 0.6438802083333334 0.028214843750000006 0.0381249999999999
2 0.2763671875 0.4215520833333333 0.06658984375000002 0.15356249999999996
0 0.60400390625 0.67578125 0.026808593750000043 0.03212499999999992
0 0.46850781250000006 0.7311197916666666 0.023910156250000016 0.044270833333333336
0 0.58447265625 0.7063802083333334 0.024886718750000016 0.034401041666666764
0 0.64501953125 0.6953125 0.024046874999999978 0.0382083333333334
0 0.67822265625 0.5188802083333334 0.03137109374999998 0.03428125000000003
0 0.59521484375 0.660484375 0.021988281249999984 0.041994791666666725
0 0.6650390625 0.5794270833333334 0.026503906249999966 0.03574479166666673
0 0.64013671875 0.6168645833333334 0.026503906249999966 0.033119791666666745
0 0.52880859375 0.748046875 0.025132812500000056 0.03212499999999992
0 0.48071484375000006 0.5670572916666666 0.02279687500000005 0.01811979166666665
0 0.6259765625 0.6985677083333334 0.022675781250000072 0.034401041666666764
0 0.51220703125 0.7154947916666666 0.02310156249999995 0.03501562500000001
0 0.56689453125 0.7174479166666666 0.022371093749999994 0.0314114583333333
0 0.49267578125 0.71875 0.019714843749999923 0.035276041666666674
0 0.6640625 0.60546875 0.024519531249999994 0.030760416666666637
0 0.5849609375 0.4720052083333333 0.01968359374999995 0.03849479166666671
0 0.546875 0.7220052083333334 0.023910156250000016 0.030291666666666592
0 0.5693359375 0.7428385416666666 0.02400390624999993 0.032755208333333265
0 0.66748046875 0.6461614583333334 0.020250000000000056 0.028218749999999914
0 0.60791015625 0.7096354166666666 0.024476562499999945 0.028322916666666722
0 0.54931640625 0.75 0.024476562499999945 0.03678645833333339
0 0.685546875 0.5693385416666668 0.022156249999999923 0.03338541666666662
0 0.609375 0.7350260416666666 0.022507812499999957 0.03960937500000009
0 0.68359375 0.5989583333333334 0.021867187500000006 0.0347499999999999
0 0.486328125 0.7565104166666666 0.023375000000000055 0.029661458333333238
0 0.68798828125 0.5309270833333334 0.02400390624999993 0.03338541666666668
0 0.66015625 0.633140625 0.023070312499999978 0.030515625000000077
0 0.6279296875 0.605796875 0.020890625000000006 0.03735416666666656
0 0.6279296875 0.7311197916666666 0.020492187500000016 0.032447916666666764
0 0.52734375 0.7220052083333334 0.019089843749999957 0.030291666666666592
0 0.6787109375 0.625 0.023238281249999916 0.03153645833333343
0 0.591796875 0.7513020833333334 0.023195312500000044 0.03212499999999992
0 0.64404296875 0.7278645833333334 0.01919531249999995 0.02882812499999995
2 0.28784375 0.2631822916666667 0.06463671875000002 0.11246874999999996
1 0.47265625 0.640625 0.471484375 0.6463541666666667 0.478515625 0.6484375 0.486328125 0.65625 0.48984375 0.6557291666666667 0.50234375 0.646875 0.501171875 0.640625 0.502734375 0.6307291666666667 0.501171875 0.628125 0.501953125 0.621875 0.49921875 0.6171875 0.49609375 0.6166666666666667 0.49296875 0.6260416666666667 0.48984375 0.6239583333333333 0.483984375 0.6338541666666667 0.474609375 0.6354166666666666 0.471484375 0.6385416666666667 0.47265625 0.640625
2 0.430859375 0.6385416666666667 0.437890625 0.6395833333333333 0.443359375 0.6494791666666667 0.45078125 0.6515625 0.455078125 0.6463541666666667 0.452734375 0.6302083333333334 0.45546875 0.625 0.471875 0.6234375 0.475 0.621875 0.478125 0.6166666666666667 0.482421875 0.6171875 0.49140625 0.6135416666666667 0.494140625 0.615625 0.503515625 0.6083333333333333 0.5125 0.6057291666666667 0.520703125 0.6083333333333333 0.526953125 0.6166666666666667 0.521484375 0.6416666666666667 0.515625 0.6463541666666667 0.515234375 0.6515625 0.510546875 0.6552083333333333 0.505859375 0.6552083333333333 0.504296875 0.6578125 0.512890625 0.6677083333333333 0.516015625 0.6697916666666667 0.52109375 0.6692708333333334 0.53125 0.6604166666666667 0.53203125 0.6520833333333333 0.5375 0.6505208333333333 0.541015625 0.653125 0.559375 0.646875 0.564453125 0.6484375 0.57734375 0.6427083333333333 0.576171875 0.6380208333333334 0.57734375 0.634375 0.569140625 0.6239583333333333 0.569921875 0.6197916666666666 0.576171875 0.6114583333333333 0.579296875 0.6036458333333333 0.595703125 0.5947916666666667 0.60390625 0.5838541666666667 0.607421875 0.5744791666666667 0.60546875 0.5494791666666666 0.599609375 0.5317708333333333 0.593359375 0.5276041666666667 0.579296875 0.5244791666666667 0.564453125 0.53125 0.55546875 0.5401041666666667 0.533203125 0.5484375 0.505859375 0.5635416666666667 0.496484375 0.5661458333333333 0.490234375 0.5630208333333333 0.48828125 0.5598958333333334 0.479296875 0.5598958333333334 0.448046875 0.5833333333333334 0.443359375 0.58125 0.4390625 0.5911458333333334 0.43828125 0.6005208333333333 0.434765625 0.6135416666666667 0.43125 0.6197916666666666 0.42734375 0.6348958333333333 0.430859375 0.6385416666666667