0 0.50546875 0.309375 0.046875 0.05625
0 0.471875 0.6479166666666667 0.0484375 0.10833333333333334
0 0.5083046875 0.2604166666666667 0.03933593749999993 0.050614583333333366
0 0.5336953125 0.34049999999999997 0.04208593749999991 0.05395833333333329
0 0.5610390625 0.29296875 0.042234374999999956 0.053468750000000016
0 0.5419921875 0.3942083333333333 0.043210937499999956 0.05530208333333337
0 0.5747109375 0.34310416666666665 0.04138281250000002 0.052854166666666674
0 0.548828125 0.2475625 0.04024999999999999 0.0512708333333333
0 0.6005859375 0.2932916666666667 0.03918750000000006 0.04911458333333331
0 0.558109375 0.4417291666666667 0.04162499999999998 0.05404166666666666
0 0.5883828125 0.24675 0.03811718749999997 0.046145833333333316
0 0.58203125 0.39551041666666664 0.03985937499999999 0.052937500000000054
0 0.661625 0.29573958333333333 0.03240625000000001 0.04463541666666669
0 0.61084375 0.34310416666666665 0.03869531249999998 0.05082291666666663
0 0.534671875 0.20605208333333333 0.03942968750000002 0.047041666666666634
0 0.61865625 0.39258333333333334 0.03643750000000008 0.04845833333333331
0 0.59765625 0.4427083333333333 0.03854687499999994 0.05334375000000004
0 0.6225625 0.2498333333333333 0.035734375000000006 0.044510416666666656
0 0.5766640625 0.5761770833333333 0.03408593750000009 0.04097916666666658
0 0.6318359375 0.29394791666666664 0.034242187499999945 0.04626041666666663
0 0.6513671875 0.25667708333333333 0.03125 0.043697916666666656
0 0.6689453125 0.34082291666666664 0.032164062500000055 0.04659375000000002
0 0.630375 0.43945833333333334 0.03454687500000002 0.04960416666666667
0 0.6411171875 0.3395208333333333 0.03277343750000004 0.047041666666666634
0 0.604984375 0.20589583333333333 0.03643750000000008 0.045041666666666674
0 0.5712890625 0.20719791666666668 0.03860156250000006 0.04695833333333332
0 0.5703125 0.53678125 0.03683593750000007 0.04626041666666669
0 0.49633593749999994 0.224125 0.03811718749999997 0.05366666666666665
0 0.48413281250000006 0.18521875000000002 0.03854687499999994 0.046510416666666644
0 0.6494140625 0.38607291666666665 0.032960937500000044 0.04793749999999998
0 0.603515625 0.48893749999999997 0.037109375 0.050541666666666644
0 0.6762734375 0.3854166666666667 0.029757812499999935 0.045364583333333285
0 0.5166015625 0.17170833333333332 0.03869531249999998 0.04659375000000002
0 0.63428125 0.48763541666666665 0.0341796875 0.047854166666666725
0 0.565921875 0.4905625 0.04016406250000006 0.05082291666666663
0 0.636234375 0.21467708333333332 0.03167968749999996 0.039
0 0.659671875 0.4309895833333333 0.03137500000000006 0.04748958333333337
0 0.607421875 0.606125 0.03161718750000002 0.037416666666666744
0 0.47534375000000006 0.1554375 0.03732031249999999 0.046145833333333344
0 0.687015625 0.42578125 0.02865625000000005 0.043864583333333346
0 0.661625 0.47558333333333336 0.031312499999999945 0.04589583333333339
0 0.632328125 0.6282604166666667 0.029250000000000043 0.036697916666666684
0 0.6040078125 0.53515625 0.03396875000000001 0.044510416666666684
0 0.55225 0.16976041666666666 0.03732031249999999 0.04256250000000002
0 0.6865234375 0.47461458333333334 0.026914062500000037 0.040895833333333326
0 0.6069375 0.5729166666666666 0.03235156250000006 0.040364583333333336
0 0.6396484375 0.5293020833333333 0.03210156249999994 0.04471875000000001
0 0.66553125 0.5169270833333334 0.030382812500000078 0.04345833333333336
0 0.634765625 0.5690104166666666 0.03137500000000006 0.04207291666666677
0 0.49438281249999994 0.112875 0.03174218750000009 0.04006250000000001
0 0.6181640625 0.18278125 0.033140625000000055 0.03841666666666666
0 0.46508593749999994 0.123375 0.034242187499999945 0.04634375000000001
0 0.587890625 0.17089583333333333 0.034757812500000006 0.04066666666666669
0 0.5415078125 0.14103125 0.03726562500000004 0.04337499999999998
0 0.57421875 0.14030208333333333 0.03488281250000007 0.04051041666666665
0 0.60546875 0.150875 0.03353906250000005 0.03664583333333334
0 0.6352578125 0.6015625 0.027843750000000077 0.0371250000000001
0 0.68896875 0.5143229166666666 0.025554687500000027 0.03961458333333331
0 0.560546875 0.11344791666666666 0.03210156249999994 0.03568749999999999
0 0.6840859375 0.5520833333333334 0.024890624999999923 0.036697916666666684
0 0.66015625 0.58821875 0.026546875000000015 0.035395833333333356
0 0.5288125 0.1120625 0.03469531250000006 0.04215625
0 0.6611328125 0.5559895833333334 0.02670312500000005 0.03857291666666664
0 0.6591796875 0.6399791666666667 0.026460937499999913 0.033000000000000064
0 0.59375 0.12516666666666668 0.03125 0.032875
0 0.323 0.3619791666666667 0.03499999999999996 0.05570833333333335
0 0.3342265625 0.4124375 0.037046874999999965 0.057697916666666654
0 0.3186015625 0.31347916666666664 0.035218750000000035 0.05404166666666666
0 0.6611328125 0.6155625 0.024890624999999923 0.031229166666666686
0 0.3767109375 0.4518229166666667 0.037046874999999965 0.059812499999999956
0 0.315671875 0.2708333333333333 0.03430468749999997 0.04976041666666665
0 0.3559609375 0.3375625 0.035398437499999956 0.056760416666666674
0 0.366453125 0.39290625 0.035734375000000006 0.05957291666666661
0 0.350828125 0.2849895833333333 0.031492187500000046 0.054770833333333345
0 0.683109375 0.5833333333333334 0.022585937500000063 0.0328125
0 0.5444375 0.43847916666666664 0.020140624999999978 0.037552083333333285
0 0.3552265625 0.5192083333333334 0.03528124999999997 0.05195833333333333
0 0.679203125 0.63834375 0.022414062500000043 0.028385416666666666
0 0.58740625 0.7447916666666666 0.01704687499999995 0.01516666666666661
0 0.3439921875 0.4651666666666667 0.03726562500000004 0.05477083333333337
0 0.564453125 0.5667291666666666 0.02064843750000005 0.032572916666666646
0 0.6220703125 0.73046875 0.017640624999999945 0.01715625000000003
0 0.681640625 0.6103541666666668 0.02253906249999993 0.03005208333333324
0 0.569828125 0.75 0.017304687500000072 0.014760416666666743
0 0.604984375 0.7376354166666667 0.016984375000000006 0.016645833333333353
0 0.3486328125 0.24251041666666667 0.028484375000000027 0.047041666666666634
0 0.636234375 0.7220104166666667 0.014335937499999929 0.014427083333333238
0 0.6689453125 0.7962291666666667 0.02670312500000005 0.02449999999999998
2 0.2984375 0.4239583333333333 0.3078125 0.4666666666666667 0.3453125 0.584375 0.36484375 0.6041666666666666 0.365625 0.5979166666666667 0.3890625 0.5875 0.4 0.5697916666666667 0.421875 0.5697916666666667 0.43046875 0.6 0.4390625 0.6072916666666667 0.44375 0.5989583333333334 0.45625 0.546875 0.43828125 0.47291666666666665 0.43515625 0.40729166666666666 0.42421875 0.37604166666666666 0.41171875 0.3104166666666667 0.403125 0.22708333333333333 0.38671875 0.17083333333333334 0.375 0.15520833333333334 0.3453125 0.14895833333333333 0.3140625 0.17395833333333333 0.29453125 0.19375 0.28515625 0.25833333333333336 0.28828125 0.3416666666666667 0.2984375 0.4239583333333333
2 0.27766406250000003 0.29342708333333334 0.047562499999999994 0.06717708333333335
2 0.2882734375 0.5366354166666666 0.07263281250000002 0.1336770833333333
2 0.42914062499999994 0.67921875 0.11976562499999996 0.11168750000000002
2 0.5065546875 0.7274791666666667 0.07414062500000007 0.07145833333333323