0 0.4732421875 0.14557291666666666 0.036328125 0.0484375
0 0.51851171875 0.28853645833333336 0.057734375000000074 0.05313020833333333
2 0.39233593750000006 0.3732552083333333 0.22441406250000004 0.45018229166666673
2 0.26212890624999996 0.41606770833333334 0.06021484375000004 0.2336979166666667
2 0.389 0.68196875 0.17273437500000002 0.11160416666666677
0 0.53271484375 0.33040625 0.04281640625000005 0.05497395833333331
0 0.56103515625 0.2833645833333333 0.042238281250000044 0.05517708333333336
0 0.51513671875 0.23763020833333334 0.03854296875000003 0.050130208333333336
0 0.49389843750000006 0.10449479166666667 0.032960937500000044 0.04240104166666665
0 0.5732421875 0.3336614583333333 0.03985546875000008 0.053468750000000044
0 0.50146484375 0.203125 0.03662109375 0.05464583333333331
0 0.599609375 0.2858072916666667 0.038972656249999994 0.05334375000000001
0 0.5048828125 0.127359375 0.03384374999999995 0.04067187499999999
0 0.5126953125 0.15226041666666665 0.035734375000000006 0.042479166666666686
0 0.60986328125 0.33284375 0.03845312500000002 0.05244791666666669
0 0.58642578125 0.23567708333333334 0.04083203125000008 0.05395312500000002
0 0.52783203125 0.101890625 0.03436328124999992 0.037921875
0 0.47632031250000006 0.17919791666666668 0.03561328125000003 0.057291666666666664
0 0.6240234375 0.17138541666666668 0.035554687499999994 0.03863541666666664
0 0.54052734375 0.13077604166666668 0.03594921875000008 0.044880208333333345
0 0.6416015625 0.3289375 0.03402734375000005 0.047932291666666654
0 0.6171875 0.3828125 0.037687500000000006 0.050046874999999956
0 0.5966796875 0.4313177083333333 0.03933593749999993 0.053468750000000044
0 0.53515625 0.18375520833333334 0.03854296875000003 0.052369791666666644
0 0.548828125 0.22314583333333332 0.039124999999999945 0.05383333333333334
0 0.60546875 0.14201041666666667 0.034242187499999945 0.03834895833333333
0 0.57421875 0.13102083333333334 0.03527734374999998 0.03975520833333334
0 0.55615234375 0.15462499999999998 0.03875781249999992 0.04240104166666665
0 0.63330078125 0.2836927083333334 0.03515625 0.04984375000000003
0 0.58984375 0.16031770833333334 0.03533984374999992 0.04028125000000002
0 0.59375 0.11507291666666666 0.03210546875000002 0.030171875000000004
0 0.607421875 0.20068229166666668 0.036710937500000006 0.045572916666666664
0 0.57177734375 0.188640625 0.03933593749999993 0.050130208333333336
0 0.66259765625 0.2864583333333333 0.03125 0.044026041666666654
0 0.64013671875 0.20752083333333332 0.03396484374999993 0.04121874999999999
0 0.64892578125 0.24658333333333332 0.031082031250000065 0.04488020833333331
0 0.67041015625 0.3302395833333333 0.03155468750000008 0.044718749999999946
0 0.62939453125 0.430015625 0.03448437500000008 0.05025000000000001
0 0.56103515625 0.10294791666666667 0.032652343750000055 0.03263541666666668
0 0.67431640625 0.375328125 0.03253125000000008 0.045286458333333356
0 0.646484375 0.3782552083333333 0.034242187499999945 0.04711979166666668
0 0.6201171875 0.23926041666666667 0.03561328125000003 0.04642708333333333
0 0.68505859375 0.4147135416666667 0.030152343750000022 0.043703125000000044
0 0.6337890625 0.4781927083333333 0.03436328124999992 0.047770833333333346
0 0.66064453125 0.42090104166666664 0.033140625000000055 0.048947916666666674
0 0.6015625 0.4811197916666667 0.03854296875000003 0.05069791666666663
0 0.66064453125 0.4664739583333333 0.03396484374999993 0.049031250000000054
0 0.68408203125 0.4586614583333333 0.029480468749999923 0.045041666666666674
0 0.6240234375 0.5208333333333334 0.036222656250000006 0.04838020833333333
0 0.59716796875 0.5748697916666666 0.035890625000000044 0.0470364583333333
0 0.63916015625 0.5520833333333334 0.03155468750000008 0.04614062500000002
0 0.681640625 0.4954427083333333 0.03628515624999995 0.042072916666666654
0 0.6416015625 0.591796875 0.028929687499999978 0.04191145833333323
0 0.6591796875 0.5348333333333334 0.03353906250000005 0.04626562499999996
0 0.66552734375 0.5797552083333334 0.026960937499999994 0.03908333333333332
2 0.33740234375 0.22721354166666666 0.1240234375 0.1630885416666667
2 0.3056640625 0.5797552083333334 0.06051562500000003 0.08496354166666673
0 0.61474609375 0.5908229166666668 0.029648437500000034 0.04067187500000007
0 0.66357421875 0.6067708333333334 0.025757812500000022 0.035218749999999945
0 0.64501953125 0.6966145833333334 0.023863281250000055 0.032755208333333265
0 0.6474609375 0.6595052083333334 0.0224609375 0.028932291666666762
0 0.638671875 0.6432291666666666 0.027113281249999944 0.036640624999999954
0 0.685546875 0.5686875 0.022582031249999978 0.034932291666666754
0 0.6044921875 0.6770833333333334 0.026152343749999928 0.0325104166666667
0 0.60595703125 0.6966145833333334 0.024277343750000034 0.03153645833333343
0 0.6826171875 0.6002604166666666 0.023070312499999978 0.03706770833333337
0 0.6279296875 0.6959635416666666 0.0224609375 0.0314114583333333
0 0.66796875 0.6474635416666668 0.01960937499999993 0.02838020833333322
0 0.61669921875 0.625328125 0.028335937499999984 0.035218749999999945
0 0.615234375 0.6520208333333334 0.02685546875 0.03407812499999992
0 0.6796875 0.5296249999999999 0.03436328124999992 0.04152604166666662
0 0.65966796875 0.6321614583333334 0.023195312500000044 0.03230729166666677
0 0.62841796875 0.6666666666666666 0.025621093750000056 0.030458333333333344
0 0.6796875 0.623375 0.024277343750000034 0.03428125000000008
0 0.62841796875 0.7337239583333334 0.020890625000000006 0.03159374999999993
0 0.62841796875 0.712890625 0.022933593750000016 0.026692708333333332
0 0.60986328125 0.7369791666666666 0.021117187499999978 0.03460937499999991
0 0.64404296875 0.7265625 0.017640624999999945 0.02805729166666661
2 0.27587890625 0.2760416666666667 0.041777343750000015 0.09700520833333333
0 0.64697265625 0.7135416666666666 0.019347656250000077 0.027223958333333322
0 0.6767578125 0.70703125 0.021988281249999984 0.03181770833333341
0 0.24829296875 0.4212239583333333 0.01764062500000003 0.02752604166666662
2 0.26904296875 0.7330729166666666 0.05520703124999997 0.0934270833333334
0 0.332765625 0.6940104166666666 0.02400390625000002 0.031166666666666742
2 0.3232421875 0.7727864583333334 0.05090234374999998 0.0596927083333334
0 0.34765625 0.6940104166666666 0.024519531249999994 0.03153645833333343