2 0.3665625 0.28122395833333336 0.10854687499999996 0.28802083333333334
0 0.54490625 0.3841458333333333 0.05375781249999996 0.06785937499999999
0 0.58251953125 0.3854166666666667 0.03918359374999998 0.052083333333333336
0 0.5966796875 0.4313177083333333 0.03726171874999995 0.04996875000000003
0 0.60986328125 0.3315416666666666 0.03839062500000008 0.051760416666666725
0 0.57373046875 0.332359375 0.040773437500000044 0.05224479166666664
0 0.6298828125 0.430015625 0.03533984374999992 0.04748437500000004
0 0.60009765625 0.4781927083333333 0.03747656250000002 0.048093749999999956
0 0.59814453125 0.2849947916666667 0.039124999999999945 0.05127083333333336
0 0.673828125 0.37597916666666664 0.03308203125000002 0.04626562499999996
0 0.65869140625 0.421875 0.031019531249999944 0.04634375000000001
0 0.6171875 0.383140625 0.035554687499999994 0.048947916666666674
0 0.63427734375 0.4781927083333333 0.034242187499999945 0.046755208333333326
0 0.662109375 0.4661458333333333 0.030441406249999935 0.044802083333333326
0 0.66259765625 0.287109375 0.03308203125000002 0.044270833333333336
0 0.68408203125 0.4156927083333333 0.03185937499999998 0.042234374999999956
0 0.58544921875 0.233234375 0.037687500000000006 0.04858333333333332
0 0.64697265625 0.3785833333333333 0.031984375000000044 0.04634375000000001
0 0.6328125 0.2827135416666666 0.03662109375 0.048380208333333355
0 0.6689453125 0.3294270833333333 0.031203125000000043 0.044718749999999946
0 0.650390625 0.24593229166666666 0.03301953125000008 0.04394791666666666
0 0.64111328125 0.3297552083333333 0.03515625 0.049598958333333346
0 0.51581640625 0.24079166666666665 0.03826562500000001 0.050416666666666644
0 0.6865234375 0.4583333333333333 0.028488281249999935 0.043703125000000044
0 0.63916015625 0.20654166666666668 0.03234765624999998 0.03885937500000001
0 0.6201171875 0.239421875 0.03643750000000008 0.04785416666666666
0 0.50341796875 0.201171875 0.040773437500000044 0.05244791666666669
0 0.54833984375 0.21972916666666667 0.03891015625000005 0.04711979166666668
0 0.5712890625 0.18652604166666667 0.037046875000000055 0.04394791666666666
0 0.6865234375 0.496421875 0.026765624999999994 0.03908333333333332
0 0.6083984375 0.20068229166666668 0.03469921874999997 0.04135937499999998
0 0.6650390625 0.544921875 0.028273437500000043 0.041994791666666725
0 0.53466796875 0.18066666666666667 0.039124999999999945 0.04614062500000002
0 0.640625 0.587890625 0.029250000000000043 0.0381249999999999
0 0.68701171875 0.53353125 0.024382812500000028 0.03713020833333332
0 0.630859375 0.5423177083333334 0.035554687499999994 0.04858333333333338
0 0.68603515625 0.5703125 0.023820312500000006 0.037416666666666744
0 0.62353515625 0.17122395833333334 0.03137109374999998 0.03601041666666666
0 0.6396484375 0.6399739583333334 0.028761718750000043 0.0381249999999999
0 0.48022656250000006 0.18033854166666666 0.039124999999999945 0.05749479166666666
0 0.60107421875 0.6569010416666666 0.03430078124999998 0.047854166666666725
0 0.59033203125 0.16113541666666667 0.034089843749999994 0.03877604166666669
0 0.66455078125 0.5787760416666666 0.02700781249999995 0.03849479166666659
0 0.55517578125 0.15275 0.03634765625000007 0.041666666666666664
0 0.51318359375 0.14933333333333335 0.038972656249999994 0.04272395833333332
0 0.60595703125 0.14103125 0.03234765624999998 0.038411458333333336
0 0.47290234375000006 0.14575 0.038332031250000044 0.04565624999999998
0 0.541015625 0.12516145833333334 0.03482031249999995 0.036989583333333326
0 0.49292187500000006 0.106203125 0.034089843749999994 0.044109375
0 0.5751953125 0.13029166666666667 0.03210546875000002 0.036354166666666674
0 0.66064453125 0.6344427083333334 0.024476562499999945 0.036989583333333326
0 0.52587890625 0.10058854166666667 0.030503906250000056 0.03356770833333333
0 0.50439453125 0.123375 0.03448437500000008 0.03623437499999998
0 0.62841796875 0.5703125 0.024519531249999994 0.0360104166666666
0 0.66357421875 0.6044947916666668 0.025132812500000056 0.033322916666666674
0 0.6845703125 0.5953802083333334 0.02328515625000005 0.03401562499999997
0 0.65771484375 0.5270208333333334 0.03259375000000002 0.04536979166666662
0 0.5927734375 0.11384895833333333 0.028335937499999984 0.030052083333333326
0 0.6474609375 0.6598333333333334 0.023820312500000006 0.028114583333333342
0 0.560546875 0.103515625 0.031082031250000065 0.03076041666666667
0 0.60986328125 0.6344427083333334 0.03271484375 0.04821874999999996
0 0.51171875 0.759765625 0.022109374999999966 0.029723958333333418
0 0.48462109375000006 0.6354166666666666 0.03677343749999995 0.04931770833333336
0 0.52587890625 0.7428385416666666 0.021988281249999984 0.02752604166666662
0 0.64599609375 0.6946614583333334 0.025039062499999966 0.042885416666666745
0 0.62548828125 0.662109375 0.024839843750000055 0.030109374999999973
0 0.6796875 0.6236979166666666 0.0224609375 0.030984374999999887
0 0.67822265625 0.515953125 0.030960937500000084 0.03163541666666667
0 0.525390625 0.7233072916666666 0.021085937500000006 0.02876562500000001
0 0.3681640625 0.310875 0.04620312499999999 0.057697916666666654
0 0.626953125 0.69921875 0.025175781249999928 0.039000000000000055
0 0.39087109375 0.22705208333333332 0.04409765625000004 0.054567708333333326
0 0.544921875 0.7213541666666666 0.023726562499999916 0.032572916666666646
0 0.607421875 0.7083333333333334 0.025328125000000055 0.031697916666666735
0 0.548828125 0.748046875 0.024796875000000006 0.03871875000000007
0 0.58203125 0.6966145833333334 0.022980468749999972 0.029885416666666723
0 0.56640625 0.7161458333333334 0.023695312499999944 0.03363020833333342
0 0.35669140625 0.256671875 0.04443359375 0.058270833333333334
0 0.494140625 0.7161458333333334 0.021988281249999984 0.032817708333333445
0 0.364015625 0.6451822916666666 0.033140624999999965 0.039390625000000054
0 0.348390625 0.22493749999999998 0.044523437500000006 0.047567708333333354
0 0.6455078125 0.7272135416666666 0.021742187499999944 0.02982812499999999
0 0.34692578125 0.6497395833333334 0.028441406249999978 0.035484375000000054
0 0.38232421875 0.19124479166666666 0.04168749999999997 0.04858333333333332
0 0.5888671875 0.7259114583333334 0.031082031250000065 0.07360937499999996
0 0.46948437500000006 0.7311197916666666 0.03366015625000003 0.049479166666666664
0 0.708984375 0.12646354166666668 0.027589843750000044 0.03589062499999998
0 0.3845234375 0.6315104166666666 0.030851562500000006 0.03629687500000003
0 0.3728046875 0.6712239583333334 0.02801562500000001 0.035072916666666745
0 0.60888671875 0.7298177083333334 0.02279687500000005 0.04005729166666659
0 0.35595703125 0.6103541666666668 0.030378906249999994 0.03678645833333339
0 0.47143750000000006 0.11043229166666667 0.017640624999999945 0.02425
0 0.57275390625 0.7473958333333334 0.025910156249999972 0.03908333333333332
0 0.470703125 0.6809895833333334 0.026917968749999945 0.025453124999999945
0 0.66650390625 0.6927083333333334 0.03469921874999997 0.07332291666666677
2 0.3421875 0.5953125 0.3421875 0.6229166666666667 0.33359375 0.6411458333333333 0.336328125 0.6609375 0.343359375 0.6677083333333333 0.357421875 0.6645833333333333 0.36015625 0.6697916666666667 0.360546875 0.6786458333333333 0.36953125 0.6901041666666666 0.37421875 0.6916666666666667 0.3765625 0.6885416666666667 0.37890625 0.690625 0.383203125 0.6895833333333333 0.392578125 0.696875 0.396484375 0.6973958333333333 0.397265625 0.6890625 0.3921875 0.6885416666666667 0.390625 0.6859375 0.391015625 0.6744791666666666 0.393359375 0.6703125 0.394921875 0.6557291666666667 0.401953125 0.6427083333333333 0.401953125 0.6380208333333334 0.40625 0.625 0.410546875 0.6145833333333334 0.415625 0.6072916666666667 0.417578125 0.5984375 0.419921875 0.5947916666666667 0.421484375 0.5802083333333333 0.43359375 0.5484375 0.434375 0.5354166666666667 0.437109375 0.5270833333333333 0.443359375 0.5161458333333333 0.450390625 0.4901041666666667 0.45 0.4859375 0.443359375 0.4713541666666667 0.443359375 0.465625 0.423828125 0.44479166666666664 0.420703125 0.446875 0.421484375 0.4510416666666667 0.4171875 0.46197916666666666 0.39765625 0.4546875 0.391796875 0.45729166666666665 0.36953125 0.5015625 0.3625 0.5276041666666667 0.34609375 0.5526041666666667 0.345703125 0.584375 0.3421875 0.5953125
2 0.2767734375 0.25871875 0.07050000000000001 0.11058854166666666
2 0.26783984375 0.363015625 0.08118749999999997 0.0939635416666667
2 0.2935859375 0.4293802083333333 0.07963671875000004 0.12417187500000004
2 0.32116406249999996 0.5736041666666666 0.04748828124999997 0.14063020833333326
0 0.52952734375 0.3257291666666667 0.043726562500000024 0.055005208333333284
0 0.5155937500000001 0.28648437499999996 0.066609375 0.04946354166666668
0 0.52833984375 0.6430416666666667 0.03744140624999996 0.07660416666666663
2 0.4296875 0.5677083333333334 0.433203125 0.5776041666666667 0.431640625 0.5786458333333333 0.430859375 0.5838541666666667 0.43515625 0.5854166666666667 0.440234375 0.5963541666666666 0.438671875 0.6010416666666667 0.4390625 0.6078125 0.433984375 0.6182291666666667 0.434765625 0.625 0.449609375 0.665625 0.45859375 0.6755208333333333 0.46953125 0.6697916666666667 0.480078125 0.6697916666666667 0.483984375 0.6651041666666667 0.48828125 0.6635416666666667 0.503125 0.6630208333333333 0.509765625 0.6677083333333333 0.522265625 0.6682291666666667 0.53125 0.6619791666666667 0.53203125 0.6541666666666667 0.534765625 0.6526041666666667 0.544921875 0.6505208333333333 0.56328125 0.6411458333333333 0.580078125 0.6401041666666667 0.580859375 0.634375 0.577734375 0.6302083333333334 0.576953125 0.6239583333333333 0.57734375 0.6046875 0.57890625 0.6005208333333333 0.583984375 0.5994791666666667 0.58515625 0.596875 0.595703125 0.5916666666666667 0.601953125 0.5796875 0.600390625 0.540625 0.59921875 0.534375 0.59609375 0.5291666666666667 0.588671875 0.5270833333333333 0.584765625 0.5270833333333333 0.584375 0.5302083333333333 0.5734375 0.5291666666666667 0.5703125 0.5270833333333333 0.569921875 0.5239583333333333 0.565234375 0.5234375 0.564453125 0.5213541666666667 0.558984375 0.525 0.55703125 0.5203125 0.548046875 0.5213541666666667 0.538671875 0.525 0.536328125 0.528125 0.525390625 0.5291666666666667 0.512890625 0.5369791666666667 0.505859375 0.5239583333333333 0.497265625 0.525 0.47421875 0.5359375 0.44921875 0.5447916666666667 0.44765625 0.5473958333333333 0.439453125 0.5515625 0.432421875 0.5604166666666667 0.4328125 0.5625 0.4296875 0.5677083333333334