0 0.503515625 0.30885416666666665 0.04296875 0.057291666666666664
0 0.31484375 0.26979166666666665 0.034375 0.04791666666666667
2 0.301078125 0.14831249999999999 0.04117968750000003 0.006166666666666683
0 0.5078125 0.2599270833333333 0.03890624999999996 0.050052083333333344
0 0.533203125 0.33984375 0.04162499999999998 0.05334375000000004
0 0.5419921875 0.39355208333333336 0.043031249999999945 0.05477083333333337
0 0.560546875 0.2931354166666667 0.041929687500000055 0.05383333333333331
0 0.5747109375 0.34310416666666665 0.04122656249999999 0.052854166666666674
0 0.548828125 0.24771875000000002 0.04024999999999999 0.05098958333333335
0 0.558109375 0.44206249999999997 0.041929687500000055 0.05395833333333329
0 0.58203125 0.39551041666666664 0.03985937499999999 0.052739583333333326
0 0.61084375 0.34277083333333336 0.03790624999999999 0.050416666666666644
0 0.6005859375 0.29378125 0.03927343749999999 0.05033333333333338
0 0.534671875 0.20638541666666665 0.03955468750000009 0.04785416666666666
0 0.59765625 0.44238541666666664 0.03860156250000006 0.053062499999999936
0 0.587890625 0.24609375 0.037687500000000006 0.045572916666666664
0 0.630375 0.439125 0.03448437500000008 0.049031250000000054
0 0.661625 0.29573958333333333 0.032289062499999945 0.044510416666666684
0 0.5766640625 0.5768229166666666 0.03448437500000008 0.04136458333333337
0 0.6411171875 0.33886458333333336 0.032960937500000044 0.04634375000000001
0 0.5703125 0.5361354166666668 0.03738281249999993 0.045895833333333275
0 0.6694375 0.34049999999999997 0.03192187499999992 0.045656250000000044
0 0.3186015625 0.3133125 0.03515625 0.05464583333333337
0 0.6513671875 0.257 0.03155468750000008 0.043625000000000025
0 0.623046875 0.2495104166666667 0.035554687499999994 0.04403125000000001
0 0.6313515625 0.29394791666666664 0.034242187499999945 0.045979166666666654
0 0.5166015625 0.17073958333333333 0.03839062500000008 0.04642708333333333
0 0.603515625 0.48926041666666664 0.03698437499999994 0.04984375000000003
0 0.4965859375 0.224125 0.03738281249999993 0.053958333333333344
0 0.323 0.36230208333333336 0.03494531250000001 0.056229166666666684
0 0.6494140625 0.38573958333333336 0.03283593749999998 0.047645833333333346
0 0.5712890625 0.20670833333333333 0.03845312500000002 0.04695833333333332
0 0.483890625 0.18636458333333333 0.03824218750000004 0.04845833333333331
0 0.604984375 0.20605208333333333 0.036070312500000055 0.04463541666666669
0 0.634765625 0.48828125 0.034242187499999945 0.047645833333333346
0 0.350828125 0.28515625 0.03210156250000003 0.05509374999999998
0 0.6762734375 0.3854166666666667 0.029757812499999935 0.04529166666666669
0 0.66015625 0.43066666666666664 0.03179687500000004 0.046875
0 0.636234375 0.21516666666666667 0.03265624999999996 0.039749999999999966
0 0.5668984375 0.4908854166666667 0.03918750000000006 0.05033333333333338
0 0.3559609375 0.3375625 0.03528124999999997 0.057291666666666664
0 0.687015625 0.42578125 0.029203125000000087 0.04378124999999997
0 0.3344765625 0.41178125 0.03677343750000004 0.057500000000000044
0 0.348875 0.2421875 0.02865624999999996 0.047041666666666634
0 0.661625 0.47591666666666665 0.031140624999999922 0.04606250000000003
0 0.366453125 0.39290625 0.03567187499999998 0.060135416666666684
0 0.6396484375 0.5302708333333334 0.03240625000000001 0.04463541666666669
0 0.607421875 0.6057916666666666 0.03155468750000008 0.03707291666666658
0 0.55225 0.16992708333333334 0.037687500000000006 0.043291666666666666
0 0.6040078125 0.5354791666666666 0.03390625000000007 0.04463541666666663
0 0.37646875 0.4518229166666667 0.03643749999999999 0.060343749999999946
0 0.6069375 0.5732395833333332 0.03235156250000006 0.03989583333333328
0 0.634765625 0.5686875 0.03137500000000006 0.040583333333333374
0 0.494140625 0.11328125 0.03192187499999992 0.041447916666666675
0 0.3557109375 0.51790625 0.03469531249999998 0.050614583333333366
0 0.66553125 0.51725 0.030148437499999937 0.04337499999999998
0 0.5883828125 0.17057291666666666 0.03506250000000009 0.04014583333333335
0 0.6176796875 0.18294791666666665 0.032468749999999956 0.03878125000000002
0 0.5415078125 0.14103125 0.03732031249999999 0.043625
0 0.46508593749999994 0.12442708333333334 0.03430468750000006 0.04793750000000001
0 0.60546875 0.15120833333333333 0.03390625000000007 0.037208333333333315
0 0.6352578125 0.59928125 0.027695312500000034 0.033322916666666674
0 0.5063515625 0.13810416666666667 0.03753906249999996 0.043697916666666656
0 0.687015625 0.4752604166666667 0.02748437500000005 0.04239583333333338
0 0.560546875 0.11344791666666666 0.03240625000000001 0.03574999999999999
0 0.68359375 0.5520833333333334 0.025999999999999978 0.035749999999999935
0 0.6884765625 0.5143229166666666 0.026656249999999916 0.0401458333333333
0 0.6611328125 0.5572916666666666 0.026609374999999956 0.039750000000000084
0 0.5288125 0.11181250000000001 0.03454687500000002 0.04190624999999999
0 0.573734375 0.14030208333333333 0.03499999999999996 0.039895833333333346
0 0.6606484375 0.5872395833333334 0.025999999999999978 0.032250000000000036
0 0.59375 0.12516666666666668 0.031984375000000044 0.03368749999999999
0 0.388671875 0.5071666666666667 0.03774999999999999 0.054562500000000055
0 0.6181640625 0.39258333333333334 0.035890625000000044 0.048302083333333336
0 0.683109375 0.578125 0.02140625000000007 0.02482291666666659
0 0.40625 0.5673854166666668 0.03860156250000002 0.055375000000000084
0 0.5654296875 0.5673854166666668 0.022414062500000043 0.032447916666666764
0 0.544921875 0.43815624999999997 0.020718749999999987 0.0379791666666667
0 0.474609375 0.1538125 0.03628906250000004 0.044270833333333336
0 0.2587890625 0.5732395833333332 0.028812499999999998 0.04386458333333323
0 0.2973671875 0.4840520833333333 0.032468749999999956 0.03692708333333338
0 0.27221875 0.27930208333333334 0.022250000000000013 0.03835416666666669
0 0.3100625 0.3090833333333334 0.01829687499999997 0.028927083333333315
0 0.333984375 0.47461458333333334 0.01652343749999998 0.023802083333333356
0 0.34375 0.46484375 0.037382812500000015 0.05436458333333339
0 0.380125 0.574875 0.023328125000000012 0.03534375000000007
0 0.349609375 0.3346354166666667 0.019242187499999997 0.02407291666666668
0 0.3068828125 0.2651354166666667 0.014335937500000017 0.02170833333333331
2 0.36346875 0.3884375 0.15719531250000002 0.506375
2 0.44066406249999995 0.6580625 0.10542187500000004 0.053468749999999926
2 0.259375 0.31666666666666665 0.26640625 0.325 0.27734375 0.32395833333333335 0.2859375 0.30625 0.284375 0.24375 0.275 0.240625 0.26015625 0.26666666666666666 0.25703125 0.2916666666666667 0.259375 0.31666666666666665