2 0.36796875 0.37057291666666664 0.1671875 0.4661458333333333
0 0.5333984375 0.33046875 0.043359375 0.05572916666666667
2 0.2755859375 0.49114583333333334 0.127734375 0.3645833333333333
0 0.57421875 0.3336588541666667 0.04046630859375 0.052449544270833336
0 0.6103515625 0.33203125 0.03753662109375 0.051676432291666664
0 0.5615234375 0.2830403645833333 0.04107666015625 0.0538330078125
0 0.5654296875 0.4573567708333333 0.04168701171875 0.0574951171875
0 0.599609375 0.2858072916666667 0.038177490234375 0.053263346354166664
0 0.5791015625 0.3854166666666667 0.042816162109375 0.054239908854166664
0 0.501953125 0.20149739583333334 0.0369873046875 0.0533447265625
0 0.59619140625 0.431640625 0.03955078125 0.054158528645833336
0 0.64208984375 0.3292643229166667 0.033782958984375 0.048746744791666664
0 0.6298828125 0.4300130208333333 0.03436279296875 0.050130208333333336
0 0.56005859375 0.5071614583333334 0.0401611328125 0.051595052083333336
0 0.525390625 0.4537760416666667 0.040679931640625 0.059895833333333336
0 0.61669921875 0.3824869791666667 0.037109375 0.049845377604166664
0 0.58642578125 0.236328125 0.040313720703125 0.055704752604166664
0 0.67138671875 0.3297526041666667 0.0312042236328125 0.043619791666666664
0 0.63427734375 0.478515625 0.033843994140625 0.048095703125
0 0.6201171875 0.2392578125 0.03582763671875 0.0504150390625
0 0.6630859375 0.2869466145833333 0.0310211181640625 0.0439453125
0 0.63330078125 0.28466796875 0.034942626953125 0.051472981770833336
0 0.55712890625 0.5504557291666666 0.037811279296875 0.047322591145833336
0 0.51513671875 0.23681640625 0.038330078125 0.049397786458333336
0 0.6748046875 0.3753255208333333 0.0312042236328125 0.044962565104166664
0 0.53515625 0.18196614583333334 0.038116455078125 0.049845377604166664
0 0.6015625 0.4811197916666667 0.039276123046875 0.052083333333333336
0 0.66064453125 0.466796875 0.033660888671875 0.047932942708333336
0 0.54931640625 0.22428385416666666 0.03955078125 0.056437174479166664
0 0.57177734375 0.18815104166666666 0.039276123046875 0.049397786458333336
0 0.64990234375 0.24576822916666666 0.03173828125 0.044108072916666664
0 0.6474609375 0.3795572916666667 0.03460693359375 0.048665364583333336
0 0.5654296875 0.591796875 0.0345458984375 0.045572916666666664
0 0.60693359375 0.19970703125 0.036346435546875 0.0447998046875
0 0.66064453125 0.4215494791666667 0.03271484375 0.049112955729166664
0 0.51318359375 0.15226236979166666 0.03533935546875 0.042154947916666664
0 0.55615234375 0.154052734375 0.038238525390625 0.041280110677083336
0 0.471923828125 0.14249674479166666 0.034027099609375 0.04144287109375
0 0.51953125 0.5387369791666666 0.0360107421875 0.06624348958333333
0 0.64013671875 0.20686848958333334 0.033477783203125 0.040974934895833336
0 0.68603515625 0.4147135416666667 0.0282135009765625 0.043050130208333336
0 0.6396484375 0.5517578125 0.03021240234375 0.044270833333333336
0 0.595703125 0.5716145833333334 0.034698486328125 0.044514973958333336
0 0.623046875 0.169921875 0.033599853515625 0.038492838541666664
0 0.493896484375 0.105224609375 0.03326416015625 0.042317708333333336
0 0.6220703125 0.5205078125 0.036895751953125 0.050618489583333336
0 0.5068359375 0.126708984375 0.034698486328125 0.039835611979166664
0 0.685546875 0.4583333333333333 0.028106689453125 0.04345703125
0 0.59033203125 0.16194661458333334 0.035888671875 0.043131510416666664
0 0.58740234375 0.6110026041666666 0.03228759765625 0.040974934895833336
0 0.60546875 0.14249674479166666 0.03424072265625 0.038777669270833336
0 0.68212890625 0.4951171875 0.035400390625 0.043863932291666664
0 0.54052734375 0.13004557291666666 0.035491943359375 0.044189453125
0 0.6416015625 0.5895182291666666 0.0278472900390625 0.03826904296875
0 0.57470703125 0.13102213541666666 0.034423828125 0.039449055989583336
2 0.2386474609375 0.44140625 0.061309814453125 0.20231119791666666
0 0.52783203125 0.10188802083333333 0.034698486328125 0.03826904296875
0 0.58935546875 0.662109375 0.028656005859375 0.036295572916666664
0 0.63916015625 0.6432291666666666 0.02685546875 0.037699381510416664
0 0.59423828125 0.11637369791666667 0.0316162109375 0.031880696614583336
0 0.56103515625 0.103515625 0.03240966796875 0.034281412760416664
0 0.6162109375 0.6246744791666666 0.029083251953125 0.035746256510416664
0 0.61572265625 0.5908203125 0.029205322265625 0.03961181640625
0 0.66259765625 0.537109375 0.037109375 0.052734375
0 0.6650390625 0.5784505208333334 0.02691650390625 0.039164225260416664
0 0.6044921875 0.6751302083333334 0.02630615234375 0.031636555989583336
0 0.58837890625 0.6376953125 0.0297088623046875 0.036234537760416664
0 0.66455078125 0.6064453125 0.025177001953125 0.032572428385416664
0 0.68603515625 0.5673828125 0.0217742919921875 0.03363037109375
0 0.68359375 0.5986328125 0.021575927734375 0.03466796875
0 0.53564453125 0.6617838541666666 0.0289764404296875 0.06526692708333333
0 0.58154296875 0.4274088541666667 0.0239105224609375 0.03961181640625
0 0.67919921875 0.6246744791666666 0.0230712890625 0.03369140625
0 0.521484375 0.716796875 0.026702880859375 0.038126627604166664
0 0.47412109375 0.19466145833333334 0.0276336669921875 0.039530436197916664
0 0.54296875 0.7122395833333334 0.0255584716796875 0.0396728515625
0 0.66845703125 0.6471354166666666 0.01983642578125 0.028767903645833332
0 0.6279296875 0.6663411458333334 0.02606201171875 0.027852376302083332
0 0.64501953125 0.693359375 0.0248870849609375 0.037841796875
0 0.61572265625 0.6510416666666666 0.0263519287109375 0.029764811197916668
0 0.6884765625 0.5319010416666666 0.0230712890625 0.035481770833333336
0 0.626953125 0.6979166666666666 0.024749755859375 0.037923177083333336
0 0.58935546875 0.5166015625 0.0305633544921875 0.041910807291666664
0 0.58837890625 0.7115885416666666 0.022369384765625 0.032694498697916664
0 0.66064453125 0.6318359375 0.0222930908203125 0.029947916666666668
2 0.338623046875 0.18798828125 0.09686279296875 0.11328125
0 0.6103515625 0.7376302083333334 0.0217437744140625 0.040445963541666664
0 0.564453125 0.708984375 0.0255584716796875 0.0389404296875
0 0.53173828125 0.7513020833333334 0.0230712890625 0.039530436197916664
2 0.2490234375 0.341796875 0.07806396484375 0.18684895833333334
0 0.6064453125 0.703125 0.0220794677734375 0.030517578125
0 0.67724609375 0.7076822916666666 0.02337646484375 0.032185872395833336
0 0.64453125 0.7278645833333334 0.020965576171875 0.030354817708333332
0 0.59130859375 0.732421875 0.0240020751953125 0.028218587239583332
0 0.55029296875 0.75 0.0235137939453125 0.038859049479166664
0 0.591796875 0.7532552083333334 0.0228424072265625 0.030517578125
0 0.626953125 0.7447916666666666 0.0187225341796875 0.019938151041666668