2 0.38235546875 0.26271875000000006 0.17109374999999996 0.271875
2 0.4015625 0.27630208333333334 0.0453125 0.0578125
0 0.515625 0.2872395833333333 0.04140625 0.0578125
2 0.3933125 0.22640104166666666 0.04510546875000001 0.0551770833333333
0 0.56103515625 0.28434375 0.042082031250000006 0.056640625
0 0.501953125 0.20263541666666668 0.037535156250000055 0.054567708333333326
0 0.5146484375 0.23877083333333332 0.03875781249999992 0.05188020833333334
0 0.55908203125 0.43261979166666664 0.043214843750000044 0.054036458333333336
0 0.57080078125 0.3343125 0.04296875 0.05497395833333331
0 0.541015625 0.3834635416666667 0.04360937499999995 0.05509374999999998
0 0.60986328125 0.33284375 0.03869531249999998 0.05244791666666669
0 0.5859375 0.2351875 0.04083203125000008 0.05395312500000002
0 0.599609375 0.2856458333333334 0.038175781250000006 0.052734375
0 0.58251953125 0.38574479166666664 0.03985546875000008 0.05375000000000003
0 0.59716796875 0.43196875 0.03891015625000005 0.052937500000000054
0 0.548828125 0.223796875 0.039640625000000006 0.0551770833333333
0 0.6630859375 0.286296875 0.03143359374999992 0.043296875000000026
0 0.671875 0.3297552083333333 0.03283593749999998 0.04463541666666669
0 0.6416015625 0.329265625 0.034089843749999994 0.048093749999999956
0 0.6171875 0.3828125 0.03759765625 0.050130208333333336
0 0.6328125 0.2838541666666667 0.035218749999999945 0.050333333333333355
2 0.35473828125 0.2563489583333333 0.04016015624999998 0.051473958333333354
0 0.634765625 0.478515625 0.033781250000000006 0.04658854166666669
0 0.53515625 0.18392187499999998 0.03860546874999997 0.05293749999999999
2 0.34375 0.22265625 0.036222656250000006 0.04520833333333331
0 0.62939453125 0.430015625 0.034605468750000055 0.050130208333333336
0 0.6748046875 0.375328125 0.032289062499999945 0.04496354166666663
0 0.6005859375 0.47949479166666664 0.039949218749999994 0.0486666666666667
0 0.64892578125 0.24544270833333334 0.031312499999999945 0.04337499999999998
0 0.57177734375 0.18913020833333333 0.03985546875000008 0.05069791666666668
0 0.47216796875 0.14249479166666665 0.03430078124999998 0.043864583333333346
0 0.5126953125 0.1519375 0.03628515624999995 0.043296875
0 0.66064453125 0.4212239583333333 0.03308203125000002 0.047932291666666654
0 0.64697265625 0.3785833333333333 0.03454687500000002 0.047645833333333346
0 0.66064453125 0.46582291666666664 0.03402734375000005 0.046671874999999946
0 0.61962890625 0.23860937499999998 0.035734375000000006 0.045979166666666654
0 0.60693359375 0.20052083333333334 0.03689453124999993 0.04536979166666667
0 0.68603515625 0.414390625 0.02880859375 0.04215625000000003
0 0.64013671875 0.20768229166666666 0.03384374999999995 0.0414427083333333
0 0.5556640625 0.155109375 0.03854296875000003 0.04337499999999998
0 0.58984375 0.161296875 0.036222656250000006 0.04240104166666665
0 0.54052734375 0.13077604166666668 0.03643750000000008 0.046140624999999984
0 0.5048828125 0.12760416666666666 0.03430078124999998 0.04215625000000001
0 0.623046875 0.17090104166666667 0.03448437500000008 0.03820833333333334
0 0.49389843750000006 0.10563020833333334 0.033140625000000055 0.04471875000000001
0 0.68505859375 0.45801041666666664 0.028214843750000006 0.04247916666666664
0 0.68115234375 0.4957708333333333 0.03628515624999995 0.041359375000000045
0 0.60546875 0.14273958333333334 0.03448437500000008 0.03871875000000002
0 0.52734375 0.10294791666666667 0.034089843749999994 0.039223958333333336
2 0.3828125 0.18913020833333333 0.03781250000000003 0.042645833333333334
0 0.57421875 0.131265625 0.035402343750000044 0.03989583333333332
0 0.6337890625 0.5445989583333334 0.04177734374999993 0.052734375
2 0.3649921875 0.313640625 0.03985546874999999 0.05224479166666664
0 0.5615234375 0.10408333333333333 0.03283593749999998 0.034078125
2 0.48486328125 0.6302083333333334 0.03643750000000008 0.04740624999999999
0 0.5947265625 0.11678125 0.03185937499999998 0.0320625
0 0.611328125 0.639 0.033140625000000055 0.05529687500000004
2 0.5166015625 0.63671875 0.03515625 0.06734375000000009
2 0.63818359375 0.5891927083333334 0.031800781249999945 0.03960937500000009
2 0.46850781250000006 0.6516927083333334 0.03308203125000002 0.06371875000000007
2 0.46899609375000006 0.7317708333333334 0.024183593749999944 0.04443229166666664
0 0.6611328125 0.5341822916666668 0.03823828124999995 0.0491927083333333
0 0.63818359375 0.64290625 0.027847656249999984 0.03761979166666667
0 0.60400390625 0.6751302083333334 0.026917968749999945 0.0338958333333333
2 0.529296875 0.7513020833333334 0.025710937500000065 0.03863541666666658
0 0.58447265625 0.70703125 0.024796875000000006 0.03363020833333342
2 0.49633984375000006 0.736328125 0.026414062499999957 0.03086458333333345
0 0.64501953125 0.693359375 0.024230468750000077 0.0372708333333333
0 0.595703125 0.6608072916666666 0.022246093749999928 0.0445156249999999
2 0.27661328125 0.4212239583333333 0.06744531250000003 0.15462500000000007
2 0.66552734375 0.5791041666666668 0.026550781249999923 0.0360937500000001
2 0.48950390625000006 0.76171875 0.028382812499999945 0.036843749999999884
2 0.548828125 0.75 0.025269531250000022 0.03778124999999998
2 0.51318359375 0.7161458333333334 0.02456640624999995 0.033958333333333236
2 0.5673828125 0.7174479166666666 0.022843750000000006 0.03159374999999993
0 0.6259765625 0.6979166666666666 0.022718749999999944 0.03486979166666657
0 0.64013671875 0.6162135416666668 0.025910156249999972 0.0325104166666667
0 0.54638671875 0.72265625 0.024230468750000077 0.030515625000000077
0 0.607421875 0.7096354166666666 0.024796875000000006 0.030171874999999914
2 0.4931640625 0.7174479166666666 0.019988281250000028 0.0338958333333333
0 0.6640625 0.6061197916666666 0.024933593749999972 0.03176041666666667
0 0.685546875 0.5680364583333334 0.022156249999999923 0.032937499999999884
0 0.66748046875 0.6471354166666666 0.020371093750000034 0.0284427083333334
0 0.68310546875 0.5992864583333334 0.022507812499999957 0.03574479166666673
0 0.60986328125 0.734375 0.022324218750000034 0.03798437499999992
0 0.65966796875 0.6328125 0.022718749999999944 0.031635416666666555
0 0.62744140625 0.73046875 0.020964843750000028 0.030703124999999904
0 0.47436718750000006 0.19173437499999998 0.027953124999999978 0.03792187499999997
0 0.6787109375 0.6246770833333334 0.023238281249999916 0.030802083333333268
2 0.59130859375 0.7513020833333334 0.02328515625000005 0.030984374999999887
2 0.51171875 0.7643229166666666 0.021574218750000006 0.02471875000000002
0 0.68798828125 0.531578125 0.023726562499999916 0.03324479166666669
0 0.62353515625 0.572265625 0.014335937499999929 0.028869791666666582
2 0.52685546875 0.7220052083333334 0.019089843749999957 0.029604166666666744
2 0.47998046875 0.5673854166666668 0.025328125000000055 0.019265624999999887
2 0.50732421875 0.748046875 0.021742187499999944 0.02976562500000005
0 0.64501953125 0.728515625 0.02001953125 0.030354166666666772
2 0.56982421875 0.7454427083333334 0.024277343750000034 0.03643750000000002
0 0.58447265625 0.47168229166666664 0.019058593749999984 0.038942708333333326
2 0.58984375 0.7272135416666666 0.023820312500000006 0.028156249999999973
2 0.287109375 0.2635104166666667 0.06335546875000002 0.11466666666666665
2 0.435546875 0.628125 0.44921875 0.6244791666666667 0.458984375 0.6255208333333333 0.46015625 0.6557291666666667 0.45 0.6557291666666667 0.445703125 0.6583333333333333 0.44765625 0.6661458333333333 0.45 0.6692708333333334 0.46015625 0.6739583333333333 0.466796875 0.6822916666666666 0.48125 0.6734375 0.485546875 0.6682291666666667 0.491015625 0.6677083333333333 0.496484375 0.6625 0.50625 0.6645833333333333 0.507421875 0.671875 0.505078125 0.6739583333333333 0.522265625 0.6739583333333333 0.52421875 0.6682291666666667 0.529296875 0.665625 0.5328125 0.6708333333333333 0.54765625 0.6640625 0.5609375 0.665625 0.576953125 0.6578125 0.57890625 0.6447916666666667 0.583984375 0.6442708333333333 0.583984375 0.6348958333333333 0.58046875 0.6333333333333333 0.5796875 0.6223958333333334 0.576953125 0.615625 0.578125 0.60625 0.580078125 0.6026041666666667 0.5921875 0.5979166666666667 0.600390625 0.5916666666666667 0.604296875 0.5822916666666667 0.607421875 0.5796875 0.607421875 0.5630208333333333 0.599609375 0.5328125 0.595703125 0.5291666666666667 0.588671875 0.5286458333333334 0.576171875 0.5375 0.559765625 0.5385416666666667 0.53359375 0.5489583333333333 0.5234375 0.55625 0.49765625 0.5666666666666667 0.49140625 0.5645833333333333 0.4890625 0.5598958333333334 0.47890625 0.5598958333333334 0.478125 0.5614583333333333 0.485546875 0.56875 0.478125 0.5755208333333334 0.469921875 0.5739583333333333 0.459375 0.5822916666666667 0.448046875 0.5854166666666667 0.44453125 0.584375 0.443359375 0.5791666666666667 0.4421875 0.5791666666666667 0.439453125 0.590625 0.43984375 0.6 0.434375 0.6166666666666667 0.433984375 0.6244791666666667 0.435546875 0.628125