0 0.5078828125 0.3175 0.06001562499999995 0.06938541666666669
2 0.370703125 0.3802083333333333 0.17109375 0.46041666666666664
0 0.5078125 0.2604166666666667 0.03896875000000009 0.04984375000000003
0 0.5419921875 0.3942083333333333 0.043031249999999945 0.05530208333333337
0 0.5747109375 0.34310416666666665 0.04114062500000006 0.05265624999999995
0 0.560546875 0.2932916666666667 0.041929687500000055 0.053468750000000016
0 0.548828125 0.24739583333333334 0.04024999999999999 0.050333333333333355
0 0.558109375 0.44206249999999997 0.04147656249999994 0.0535520833333333
0 0.58203125 0.39551041666666664 0.03970312499999995 0.052739583333333326
0 0.6005859375 0.29394791666666664 0.039124999999999945 0.04984375000000003
0 0.61084375 0.34310416666666665 0.038328124999999956 0.050614583333333366
0 0.587890625 0.24592708333333338 0.03753906249999996 0.045208333333333336
0 0.59765625 0.44238541666666664 0.03854687499999994 0.052937500000000054
0 0.5766640625 0.5768229166666666 0.034421874999999956 0.041281250000000116
0 0.5341796875 0.20572916666666666 0.03896875000000009 0.046666666666666676
0 0.6181640625 0.39258333333333334 0.03643750000000008 0.04874999999999995
0 0.661625 0.29573958333333333 0.0322265625 0.045041666666666674
0 0.6411171875 0.33886458333333336 0.03307812499999994 0.04634375000000001
0 0.6313515625 0.2942708333333333 0.034421874999999956 0.04666666666666662
0 0.630375 0.439125 0.03435937500000001 0.04911458333333331
0 0.6694375 0.34082291666666664 0.03185937499999998 0.04614583333333329
0 0.5703125 0.53678125 0.03689843750000001 0.04565624999999998
0 0.5166015625 0.17057291666666666 0.03824218750000004 0.046145833333333344
0 0.651859375 0.257 0.03137500000000006 0.04354166666666668
0 0.6225625 0.2498333333333333 0.035218749999999945 0.04386458333333332
0 0.6494140625 0.38607291666666665 0.033140625000000055 0.048093749999999956
0 0.6044921875 0.2055625 0.03567187500000006 0.044510416666666684
0 0.5712890625 0.20654166666666668 0.03824218750000004 0.04674999999999999
0 0.6040078125 0.48893749999999997 0.03698437499999994 0.04996875000000003
0 0.6762734375 0.38573958333333336 0.029539062499999956 0.0449583333333333
0 0.48413281250000006 0.18570833333333334 0.038023437500000055 0.046875
0 0.63428125 0.4879583333333333 0.034242187499999945 0.0480104166666667
0 0.4970703125 0.22297916666666667 0.037687500000000006 0.05216666666666665
0 0.565921875 0.49023958333333334 0.039640625000000006 0.05069791666666663
0 0.636234375 0.21565625 0.03253125000000008 0.041135416666666674
0 0.659671875 0.4309895833333333 0.03174218750000009 0.04740624999999999
0 0.687015625 0.42578125 0.028812500000000085 0.043625
0 0.607421875 0.606125 0.03179687500000004 0.038062499999999964
0 0.4751015625 0.15625 0.036710937500000006 0.046666666666666676
0 0.662109375 0.47558333333333336 0.031085937499999973 0.04581250000000002
0 0.632328125 0.6282604166666667 0.029039062500000056 0.036697916666666684
0 0.6040078125 0.5354791666666666 0.034242187499999945 0.044802083333333326
0 0.6860390625 0.4752604166666667 0.027374999999999972 0.04152083333333335
0 0.6396484375 0.5299479166666666 0.032289062499999945 0.044802083333333326
0 0.55225 0.1694375 0.03726562500000004 0.04198958333333334
0 0.607421875 0.5735729166666667 0.032960937500000044 0.040749999999999884
0 0.634765625 0.5690104166666666 0.03142968750000001 0.04136458333333337
0 0.66553125 0.51725 0.029250000000000043 0.04264583333333327
0 0.49438281249999994 0.11304166666666665 0.03174218750000009 0.04113541666666666
0 0.5883828125 0.17040625 0.03515625 0.039833333333333346
0 0.5415078125 0.14079166666666668 0.037109375 0.042156249999999985
0 0.6181640625 0.18278125 0.033601562499999994 0.03878125000000002
0 0.46508593749999994 0.123375 0.03408593750000009 0.046145833333333344
0 0.6059609375 0.15169791666666665 0.03353906250000005 0.03741666666666668
0 0.573734375 0.13956249999999998 0.03469531250000006 0.03944791666666667
0 0.634765625 0.6015625 0.027374999999999972 0.03692708333333338
0 0.6879921875 0.5149791666666667 0.026656249999999916 0.03997916666666672
0 0.560546875 0.1136875 0.032289062499999945 0.03643749999999999
0 0.68359375 0.5527395833333333 0.025906250000000065 0.0372708333333333
0 0.6611328125 0.5566458333333333 0.02681249999999995 0.03878125000000002
0 0.5288125 0.11181250000000001 0.03448437500000008 0.042479166666666665
0 0.6606484375 0.5888645833333332 0.02650781250000005 0.03547916666666661
0 0.3232421875 0.36165625 0.03448437499999999 0.05549999999999997
0 0.59375 0.12557291666666667 0.03185937499999998 0.03415624999999999
0 0.3344765625 0.41113541666666664 0.03650000000000002 0.056520833333333326
0 0.6586953125 0.6393229166666666 0.025515625000000063 0.03269791666666677
0 0.3439921875 0.46484375 0.03726562500000004 0.055374999999999966
0 0.3188515625 0.3133125 0.03454687500000002 0.05395833333333329
0 0.3557109375 0.3375625 0.03499999999999996 0.057166666666666664
0 0.350828125 0.2849895833333333 0.03155468749999999 0.054854166666666634
0 0.661625 0.6155625 0.025179687500000013 0.03176041666666667
0 0.679203125 0.637375 0.022765625000000077 0.027583333333333352
0 0.315921875 0.271 0.03430468749999997 0.050416666666666644
0 0.3552265625 0.5182291666666666 0.03454687500000002 0.05025000000000001
0 0.6826171875 0.5839895833333333 0.022296874999999973 0.03344791666666656
0 0.681640625 0.6106770833333334 0.022031250000000037 0.03104166666666662
0 0.544921875 0.4378229166666667 0.02103906250000005 0.0379270833333333
0 0.5654296875 0.5683645833333333 0.022585937500000063 0.0321875000000001
0 0.348875 0.24251041666666667 0.02838281250000003 0.047114583333333356
2 0.27154687499999997 0.3032916666666667 0.031734375 0.1306145833333333
2 0.2883515625 0.53096875 0.05124218750000002 0.11495833333333329
2 0.446125 0.6797395833333333 0.17416406250000005 0.11144791666666667