2 0.38584375 0.27114583333333336 0.155078125 0.27239583333333334
0 0.401953125 0.27682291666666664 0.046875 0.059895833333333336
0 0.52167578125 0.281515625 0.05042187499999997 0.051317708333333316
0 0.39404296875 0.22672395833333334 0.04620312500000003 0.054848958333333364
0 0.36450390625 0.310875 0.043367187499999994 0.05761979166666661
0 0.35595703125 0.2565104166666667 0.042238281250000044 0.05517708333333336
0 0.34399609375 0.22509895833333332 0.038023437499999965 0.05053645833333332
0 0.57421875 0.3333333333333333 0.04025390625000007 0.05188020833333328
0 0.533203125 0.33105729166666664 0.043519531249999945 0.05623437500000002
0 0.64208984375 0.3299166666666667 0.03430078124999998 0.048828125
0 0.5146484375 0.23730729166666667 0.0390625 0.04996875000000003
0 0.5615234375 0.2827135416666666 0.04202343749999997 0.05314062499999998
0 0.6171875 0.3828125 0.03650000000000002 0.04968229166666672
0 0.50634765625 0.19677604166666668 0.035890625000000044 0.04435416666666665
0 0.6015625 0.47949479166666664 0.03854296875000003 0.04711979166666668
0 0.5419921875 0.383140625 0.04443359375 0.05477083333333337
0 0.58251953125 0.3854166666666667 0.03927734375000007 0.052369791666666644
0 0.67041015625 0.3294270833333333 0.03185937499999998 0.04545312499999999
0 0.55908203125 0.43196875 0.042878906249999994 0.052734375
0 0.60986328125 0.3318697916666667 0.038332031250000044 0.05159374999999997
0 0.646484375 0.37890625 0.03448437500000008 0.048463541666666644
0 0.66259765625 0.2866197916666666 0.031496093750000044 0.04451562500000002
0 0.38110546875000006 0.190265625 0.039949218750000036 0.046875
0 0.6748046875 0.375 0.03253125000000008 0.04488020833333337
0 0.66015625 0.4215520833333333 0.033203125 0.04785416666666661
0 0.59912109375 0.2849947916666667 0.03796484375000002 0.05139062500000001
0 0.59716796875 0.4313177083333333 0.03927734375000007 0.052369791666666644
0 0.6328125 0.284015625 0.035066406249999994 0.050697916666666655
0 0.634765625 0.478515625 0.03390625000000007 0.04642708333333338
0 0.58642578125 0.2335625 0.04000781250000003 0.05082291666666669
0 0.54931640625 0.22200520833333334 0.04037500000000005 0.05188020833333334
0 0.53564453125 0.181640625 0.03811718749999997 0.04296875
0 0.64892578125 0.24593229166666666 0.03091406249999995 0.04418750000000002
0 0.685546875 0.414390625 0.030210937500000055 0.04345833333333336
0 0.6611328125 0.466796875 0.03347656249999993 0.04732291666666662
0 0.57177734375 0.18847916666666667 0.03933593749999993 0.048947916666666674
0 0.6298828125 0.4293645833333333 0.03436328124999992 0.049479166666666664
0 0.4716796875 0.142984375 0.03436328124999992 0.04410937500000001
0 0.6396484375 0.20784375 0.034425781250000044 0.04144270833333336
0 0.47925000000000006 0.18115104166666668 0.03732421875000007 0.05904166666666667
0 0.68505859375 0.45801041666666664 0.029312499999999984 0.04410937500000003
0 0.6201171875 0.23795833333333333 0.035066406249999994 0.04496354166666669
0 0.5048828125 0.12646354166666668 0.033781250000000006 0.04135937499999998
2 0.371828125 0.623375 0.09234765625000003 0.16699479166666673
0 0.607421875 0.200359375 0.036710937500000006 0.04512499999999999
0 0.685546875 0.4957708333333333 0.030503906250000056 0.03967187500000004
0 0.62353515625 0.171875 0.035066406249999994 0.038411458333333336
0 0.55615234375 0.15332291666666667 0.03860546874999997 0.04067187500000002
0 0.5126953125 0.15144791666666665 0.03561328125000003 0.041666666666666664
0 0.60595703125 0.141765625 0.034757812500000006 0.03834895833333333
0 0.49365234375 0.1050625 0.032652343750000055 0.04296875
0 0.3564453125 0.6090520833333334 0.03338671875000001 0.0392239583333333
0 0.58984375 0.16015625 0.03533984374999992 0.03953124999999999
0 0.57470703125 0.13077604166666665 0.03594921875000008 0.039833333333333325
0 0.54052734375 0.13053645833333333 0.03698828125000002 0.04536979166666667
0 0.63330078125 0.54525 0.04202343749999997 0.05517708333333336
0 0.48486328125 0.6344427083333334 0.03643750000000008 0.0514739583333333
0 0.63916015625 0.5888697916666668 0.034757812500000006 0.040749999999999884
0 0.52734375 0.10245833333333333 0.0341796875 0.038270833333333344
0 0.359375 0.5849635416666668 0.033140624999999965 0.036354166666666764
0 0.66552734375 0.582359375 0.02726562500000007 0.040895833333333326
0 0.392578125 0.6025416666666668 0.03488281250000003 0.035604166666666735
0 0.5185546875 0.621421875 0.032652343750000055 0.03466666666666664
0 0.56103515625 0.10335416666666666 0.032652343750000055 0.03311979166666668
0 0.52880859375 0.7526041666666666 0.025421874999999972 0.03574479166666673
0 0.6123046875 0.6484375 0.03289843749999992 0.047203125000000054
0 0.68603515625 0.5690104166666666 0.022886718750000055 0.0360937500000001
0 0.46923828125 0.7311197916666666 0.025558593749999935 0.045124999999999936
0 0.60400390625 0.6731770833333334 0.027953124999999978 0.03629687500000003
0 0.59423828125 0.11572395833333333 0.03137109374999998 0.03110937500000001
0 0.52001953125 0.6481145833333334 0.03500390625000005 0.04105729166666663
0 0.6591796875 0.5345052083333334 0.031675781250000055 0.04695833333333332
0 0.58447265625 0.70703125 0.025175781249999928 0.03338541666666662
0 0.6396484375 0.6438802083333334 0.030671874999999994 0.04105729166666663
0 0.6806640625 0.6217447916666666 0.02400390624999993 0.035541666666666555
0 0.6640625 0.6041666666666666 0.025999999999999978 0.035604166666666735
0 0.5673828125 0.7180989583333334 0.02328515625000005 0.031697916666666735
0 0.56884765625 0.7434895833333334 0.023820312500000006 0.03236979166666672
0 0.5205078125 0.724609375 0.027847656249999984 0.028114583333333342
0 0.54638671875 0.7220052083333334 0.023910156250000016 0.030171874999999914
0 0.54931640625 0.7473958333333334 0.023558593749999978 0.03344791666666656
0 0.64501953125 0.6940104166666666 0.024183593749999944 0.04020312500000003
0 0.4951171875 0.732421875 0.024382812500000028 0.028218749999999914
0 0.62744140625 0.6979166666666666 0.024476562499999945 0.036640624999999954
0 0.6611328125 0.634765625 0.024382812500000028 0.035604166666666735
0 0.5966796875 0.658203125 0.02310156249999995 0.04345833333333336
0 0.607421875 0.7063802083333334 0.024796875000000006 0.02915625000000001
0 0.68310546875 0.5999375 0.022371093749999994 0.035890624999999926
0 0.6376953125 0.6197916666666666 0.032472656250000044 0.038859375000000064
0 0.6875 0.5319010416666666 0.024183593749999944 0.03657812500000001
2 0.42407421875000006 0.7649739583333334 0.08239843750000002 0.08829687500000011
0 0.67529296875 0.5224635416666668 0.028015624999999923 0.03778125000000004
0 0.64599609375 0.7233072916666666 0.021941406250000028 0.029541666666666563
0 0.50732421875 0.7467447916666666 0.022980468749999972 0.025697916666666744
0 0.58447265625 0.47265625 0.018800781250000044 0.03849479166666671
0 0.5908203125 0.7526041666666666 0.023558593749999978 0.02716145833333338
0 0.4912109375 0.7571614583333334 0.024886718750000016 0.031880208333333354
0 0.6103515625 0.728515625 0.021210937500000072 0.03005208333333324
0 0.59033203125 0.7291666666666666 0.023375000000000055 0.027687499999999924
0 0.62451171875 0.5719427083333334 0.016722656249999978 0.030109374999999973
0 0.62890625 0.7298177083333334 0.020570312499999945 0.029885416666666723
2 0.258984375 0.31302083333333336 0.266015625 0.3182291666666667 0.274609375 0.31614583333333335 0.294140625 0.2890625 0.301171875 0.2828125 0.3015625 0.2791666666666667 0.315234375 0.259375 0.315625 0.2515625 0.312890625 0.2484375 0.311328125 0.2421875 0.312890625 0.21614583333333334 0.310546875 0.21302083333333333 0.298828125 0.2078125 0.294921875 0.20833333333333334 0.291796875 0.21666666666666667 0.287109375 0.21927083333333333 0.259765625 0.2557291666666667 0.2546875 0.26979166666666665 0.25234375 0.2791666666666667 0.258984375 0.31302083333333336
2 0.237890625 0.3098958333333333 0.236328125 0.30833333333333335 0.2328125 0.3098958333333333 0.2359375 0.3203125 0.237890625 0.3098958333333333
2 0.25078125 0.37604166666666666 0.25546875 0.38385416666666666 0.2578125 0.39166666666666666 0.255078125 0.4036458333333333 0.249609375 0.4109375 0.24765625 0.4166666666666667 0.253515625 0.41822916666666665 0.263671875 0.41510416666666666 0.28671875 0.3932291666666667 0.298046875 0.3703125 0.313671875 0.3614583333333333 0.31640625 0.35052083333333334 0.3140625 0.3333333333333333 0.306640625 0.3177083333333333 0.30078125 0.3151041666666667 0.289453125 0.31614583333333335 0.2765625 0.32447916666666665 0.26875 0.334375 0.258984375 0.33645833333333336 0.24375 0.3640625 0.23984375 0.3729166666666667 0.25078125 0.37604166666666666
2 0.252734375 0.5057291666666667 0.25546875 0.509375 0.263671875 0.5057291666666667 0.2796875 0.490625 0.31015625 0.4713541666666667 0.31640625 0.46145833333333336 0.3234375 0.4395833333333333 0.327994921875 0.43645833333333334 0.339453125 0.4354166666666667 0.334375 0.43072916666666666 0.33841132812499997 0.4144098958333334 0.34140625 0.4083333333333333 0.340234375 0.4046875 0.341796875 0.4 0.334765625 0.384375 0.31953125 0.36666666666666664 0.31484375 0.3640625 0.309375 0.3640625 0.3015625 0.3671875 0.297265625 0.37135416666666665 0.288671875 0.3921875 0.27421875 0.4083333333333333 0.267578125 0.4348958333333333 0.258984375 0.4395833333333333 0.25625 0.4432291666666667 0.258984375 0.45989583333333334 0.252734375 0.5057291666666667
2 0.361328125 0.534375 0.357421875 0.5411458333333333 0.3609375 0.5427083333333333 0.365234375 0.5510416666666667 0.368359375 0.5677083333333334 0.36484375 0.571875 0.37265625 0.58125 0.38359375 0.6395833333333333 0.380859375 0.6427083333333333 0.383203125 0.6463541666666667 0.3875 0.6484375 0.395703125 0.6479166666666667 0.39765625 0.6458333333333334 0.4015625 0.6286458333333333 0.405859375 0.61875 0.414453125 0.6067708333333334 0.416536328125 0.5972223958333333 0.419921875 0.5927083333333333 0.42734375 0.5713541666666667 0.428515625 0.5604166666666667 0.433984375 0.5494791666666666 0.4328125 0.54375 0.433984375 0.5364583333333334 0.441796875 0.5171875 0.4375 0.5119791666666667 0.435546875 0.5036458333333333 0.438671875 0.5 0.446875 0.49895833333333334 0.447265625 0.4890625 0.443359375 0.48072916666666665 0.44375 0.4786458333333333 0.437890625 0.4796875 0.435546875 0.47760416666666666 0.42890625 0.46875 0.427734375 0.4625 0.41171875 0.45416666666666666 0.408203125 0.45364583333333336 0.403515625 0.45729166666666665 0.4 0.45364583333333336 0.39609375 0.45364583333333336 0.388671875 0.4640625 0.367578125 0.5083333333333333 0.366796875 0.5177083333333333 0.361328125 0.534375
2 0.53191796875 0.612359375 0.2101640625 0.1668802083333333