2 0.37745703124999996 0.27673958333333337 0.19099218750000002 0.3059583333333334
0 0.5416015625 0.38307291666666665 0.043359375 0.05260416666666667
0 0.56005859375 0.431640625 0.04052734375 0.05244791666666669
0 0.5966796875 0.431640625 0.037687500000000006 0.04984375000000003
0 0.58251953125 0.3854166666666667 0.03927734375000007 0.05224479166666664
0 0.57373046875 0.332359375 0.04113671874999998 0.052854166666666674
0 0.56103515625 0.2830416666666667 0.04202343749999997 0.05383333333333331
0 0.60986328125 0.3318697916666667 0.03854296875000003 0.052734375
0 0.6298828125 0.4303385416666667 0.03533984374999992 0.0470364583333333
0 0.60009765625 0.478515625 0.03781250000000007 0.04821874999999996
0 0.6171875 0.3815104166666667 0.03650000000000002 0.05025000000000001
0 0.63427734375 0.47884375 0.03482031249999995 0.04658854166666669
0 0.59814453125 0.2856458333333334 0.039488281250000055 0.05216666666666668
0 0.6591796875 0.4225260416666667 0.03185937499999998 0.045901041666666725
0 0.67431640625 0.37597916666666664 0.03271484375 0.045979166666666654
0 0.63330078125 0.2825520833333333 0.036222656250000006 0.048463541666666644
0 0.64697265625 0.3782552083333333 0.03192187499999992 0.04545312499999999
0 0.662109375 0.287109375 0.03308203125000002 0.04471874999999998
0 0.5859375 0.233234375 0.038175781250000006 0.048947916666666674
0 0.66162109375 0.4661458333333333 0.030441406249999935 0.043864583333333346
0 0.6845703125 0.4173177083333333 0.031203125000000043 0.0428072916666667
0 0.6689453125 0.33040625 0.03155468750000008 0.045572916666666664
0 0.5146484375 0.23844270833333334 0.041078124999999945 0.05139062499999998
0 0.650390625 0.24544270833333334 0.03253125000000008 0.043052083333333345
0 0.64111328125 0.3299166666666667 0.035066406249999994 0.04968229166666672
0 0.62060546875 0.23926041666666667 0.03582812499999992 0.04667187500000001
0 0.638671875 0.20670833333333333 0.032289062499999945 0.03916666666666669
0 0.54833984375 0.221515625 0.03955078125 0.04984375000000003
0 0.5029296875 0.20182291666666666 0.040925781249999994 0.0530625
0 0.6865234375 0.4576822916666667 0.028335937499999984 0.04353645833333329
0 0.5712890625 0.186359375 0.03747656250000002 0.04378125000000003
0 0.6083984375 0.20133333333333334 0.035218749999999945 0.042072916666666654
0 0.6650390625 0.544921875 0.028550781250000056 0.04174999999999998
0 0.6865234375 0.496421875 0.026304687500000055 0.039531250000000046
0 0.53515625 0.18098958333333334 0.03955078125 0.046755208333333326
0 0.6396484375 0.6357447916666668 0.030671874999999994 0.04105729166666663
0 0.640625 0.5888697916666668 0.029082031249999928 0.036843749999999884
0 0.62353515625 0.1710625 0.031203125000000043 0.03560416666666667
0 0.685546875 0.5703125 0.024476562499999945 0.03769791666666673
0 0.59033203125 0.1618645833333333 0.03430078124999998 0.039755208333333354
0 0.51318359375 0.14835416666666665 0.03875781249999992 0.041828125000000015
0 0.6650390625 0.5810572916666668 0.027175781250000065 0.041281250000000116
0 0.68701171875 0.533203125 0.024476562499999945 0.03735416666666662
0 0.47973828125000006 0.18098958333333334 0.03918359374999998 0.059895833333333336
0 0.60595703125 0.14103125 0.03259375000000002 0.03755729166666667
0 0.47339062500000006 0.1447760416666667 0.039124999999999945 0.04528645833333334
0 0.5546875 0.15299479166666666 0.036558593750000055 0.04240104166666665
0 0.63037109375 0.5426458333333334 0.03469921874999997 0.04903124999999999
0 0.541015625 0.12467708333333333 0.035218749999999945 0.03684375
0 0.63134765625 0.570640625 0.029207031249999994 0.03735416666666656
0 0.6015625 0.65625 0.03567578124999997 0.052734375
0 0.57421875 0.131265625 0.03283593749999998 0.037270833333333336
0 0.68310546875 0.599609375 0.025175781249999928 0.040364583333333336
0 0.52734375 0.09952604166666666 0.03161718750000002 0.03481249999999999
0 0.64794921875 0.6578802083333334 0.02700781249999995 0.031046875000000067
0 0.49341015625000006 0.10636458333333333 0.03494140624999993 0.043703125000000016
0 0.66064453125 0.6341145833333334 0.024277343750000034 0.03466666666666664
0 0.62744140625 0.66796875 0.026550781249999923 0.032755208333333265
0 0.50341796875 0.121421875 0.033601562499999994 0.03615104166666665
0 0.59228515625 0.11409375000000001 0.031082031250000065 0.03169791666666667
0 0.65673828125 0.527671875 0.03125 0.042072916666666654
0 0.56005859375 0.10319270833333333 0.030441406249999935 0.03169791666666667
0 0.6806640625 0.6227239583333334 0.023863281250000055 0.03377083333333341
0 0.66259765625 0.6061197916666666 0.022843750000000006 0.030802083333333268
0 0.66845703125 0.648765625 0.021453125000000028 0.03135416666666657
0 0.60888671875 0.626953125 0.029816406249999972 0.03657812500000001
0 0.4853515625 0.63509375 0.036222656250000006 0.04911458333333343
0 0.52734375 0.751953125 0.024183593749999944 0.039390625000000054
0 0.64599609375 0.693359375 0.02475000000000005 0.04378124999999997
0 0.6044921875 0.6927083333333334 0.02595703124999993 0.032572916666666646
0 0.51513671875 0.7180989583333334 0.028105468749999928 0.038270833333333344
0 0.39087109375 0.227375 0.04428124999999996 0.05497395833333331
0 0.54638671875 0.736328125 0.02685546875 0.061729166666666654
0 0.62646484375 0.6985677083333334 0.024519531249999994 0.03834895833333339
0 0.3486328125 0.22575 0.04360937500000004 0.04874479166666668
0 0.56982421875 0.7337239583333334 0.028703125000000006 0.06611979166666657
0 0.67431640625 0.515625 0.027847656249999984 0.029661458333333356
0 0.38232421875 0.19108333333333333 0.04113671874999998 0.04658854166666669
0 0.46899609375000006 0.732421875 0.03338671874999992 0.051963541666666654
0 0.49487500000000006 0.7213541666666666 0.024230468750000077 0.042885416666666745
0 0.50830078125 0.755859375 0.025269531250000022 0.04050520833333333
0 0.5869140625 0.7252604166666666 0.030730468750000028 0.07596875000000007
0 0.49292187500000006 0.755859375 0.027742187499999994 0.040281250000000074
0 0.34692578125 0.65071875 0.027847656249999984 0.033958333333333236
0 0.36450390625 0.6458333333333334 0.03338671875000001 0.04050520833333333
0 0.3564453125 0.6100260416666666 0.030562500000000003 0.03721354166666657
0 0.373046875 0.671875 0.027480468749999966 0.034932291666666754
0 0.64697265625 0.7239583333333334 0.024660156250000044 0.043947916666666725
0 0.384765625 0.6302083333333334 0.030152343750000022 0.03629687500000003
0 0.53578515625 0.32811979166666666 0.043238281250000024 0.0667291666666666
0 0.5212460937500001 0.28338541666666667 0.03941015624999995 0.05339583333333332
0 0.3675625 0.31370312499999997 0.043417968750000036 0.0681302083333333
0 0.40577734374999996 0.27381770833333335 0.04328125000000003 0.04432291666666665
0 0.42185937500000004 0.33003645833333334 0.04992968750000002 0.05870833333333335
0 0.38079296875000007 0.3667135416666667 0.07189062500000003 0.06848958333333334
0 0.28637109375 0.27078125 0.06965624999999998 0.11468750000000003
0 0.28130078125 0.36185416666666664 0.10664453125 0.09442708333333331
0 0.31292578125000003 0.42748437499999997 0.07672265625000003 0.11534895833333335
2 0.33722929687500003 0.6681895833333333 0.343479296875 0.67235625 0.35676054687500003 0.6681895833333333 0.359104296875 0.6697520833333334 0.36066679687500003 0.6827729166666666 0.368869921875 0.6952729166666667 0.371604296875 0.7025645833333333 0.377073046875 0.7041270833333333 0.384494921875 0.7004812499999999 0.393088671875 0.70516875 0.397385546875 0.7010020833333334 0.398948046875 0.69110625 0.39191679687500003 0.6843354166666666 0.394651171875 0.6603770833333333 0.40168242187500003 0.64423125 0.408323046875 0.62079375 0.414963671875 0.6093354166666667 0.419651171875 0.5963145833333333 0.420041796875 0.5874604166666667 0.433713671875 0.55048125 0.434494921875 0.5385020833333333 0.437619921875 0.5280854166666666 0.443869921875 0.51766875 0.450119921875 0.49266875 0.450119921875 0.48798125 0.447385546875 0.48173125 0.443479296875 0.47808541666666665 0.435666796875 0.48016875 0.407151171875 0.4603770833333333 0.398166796875 0.45777291666666664 0.392307421875 0.4603770833333333 0.367307421875 0.5103770833333333 0.364182421875 0.5280854166666666 0.345823046875 0.5546479166666667 0.345432421875 0.5869395833333333 0.341916796875 0.59735625 0.340354296875 0.6244395833333333 0.33332304687500003 0.6437104166666666 0.33332304687500003 0.6556895833333333 0.33722929687500003 0.6681895833333333
2 0.439673828125 0.6039552083333334 0.44475195312500004 0.6070802083333333 0.445142578125 0.6117677083333334 0.44983007812500003 0.6190593750000001 0.452173828125 0.6263510416666667 0.452173828125 0.6445802083333334 0.44475195312500004 0.6451010416666667 0.443580078125 0.647184375 0.44787695312500003 0.6523927083333334 0.452173828125 0.6633302083333333 0.46154882812500003 0.6643718750000001 0.48576757812500004 0.6576010416666667 0.509986328125 0.6565593750000001 0.521314453125 0.6581218750000001 0.534986328125 0.6513510416666667 0.5420175781250001 0.6508302083333334 0.541236328125 0.6466635416666667 0.546705078125 0.639371875 0.5498300781250001 0.637809375 0.561158203125 0.6331218750000001 0.582251953125 0.6289552083333334 0.582251953125 0.6232260416666667 0.579517578125 0.6190593750000001 0.578345703125 0.6122885416666667 0.578345703125 0.5956218750000001 0.581470703125 0.589371875 0.593580078125 0.5841635416666667 0.6045175781250001 0.5727052083333334 0.604908203125 0.5492677083333334 0.601783203125 0.5419760416666667 0.601001953125 0.5294760416666667 0.5927988281250001 0.5294760416666667 0.584205078125 0.534684375 0.576001953125 0.5357260416666667 0.570142578125 0.5409343750000001 0.5654550781250001 0.5336427083333334 0.564673828125 0.5289552083333333 0.5615488281250001 0.5273927083333334 0.524048828125 0.5471843750000001 0.517798828125 0.5544760416666666 0.5146738281250001 0.553434375 0.463111328125 0.5789552083333334 0.447486328125 0.5841635416666667 0.444361328125 0.590934375 0.444361328125 0.5966635416666667 0.439673828125 0.6039552083333334
0 0.5222851562499999 0.6394427083333334 0.02976171875000002 0.06358854166666675
2 0.31601171875 0.5819114583333334 0.04253125000000004 0.13046875
2 0.2784375 0.59228125 0.039078124999999984 0.1158020833333334