0 0.5266015625 0.46740624999999997 0.04794921875 0.07233333333333328
0 0.64794921875 0.20247395833333334 0.026917968749999945 0.037697916666666664
0 0.513671875 0.36041666666666666 0.521875 0.36875 0.527734375 0.37083333333333335 0.537109375 0.3703125 0.543359375 0.36770833333333336 0.551953125 0.353125 0.552734375 0.340625 0.549609375 0.3302083333333333 0.54609375 0.32447916666666665 0.53515625 0.3177083333333333 0.52890625 0.3171875 0.51953125 0.321875 0.513671875 0.3296875 0.510546875 0.34010416666666665 0.51015625 0.3494791666666667 0.513671875 0.36041666666666666
0 0.52109375 0.4036458333333333 0.530078125 0.41770833333333335 0.53671875 0.42291666666666666 0.54453125 0.4239583333333333 0.551171875 0.42083333333333334 0.558984375 0.4140625 0.560546875 0.4078125 0.56328125 0.4041666666666667 0.5640625 0.3963541666666667 0.56171875 0.38645833333333335 0.5546875 0.37447916666666664 0.546875 0.3697916666666667 0.540234375 0.3692708333333333 0.52890625 0.3734375 0.521484375 0.3828125 0.519921875 0.3875 0.51953125 0.39739583333333334 0.52109375 0.4036458333333333
0 0.49453125 0.2791666666666667 0.506640625 0.28020833333333334 0.5109375 0.2786458333333333 0.51640625 0.27447916666666666 0.52109375 0.26458333333333334 0.52578125 0.2635416666666667 0.52421875 0.25885416666666666 0.52578125 0.2552083333333333 0.52578125 0.23958333333333334 0.5234375 0.23177083333333334 0.514453125 0.22239583333333332 0.5046875 0.2203125 0.49765625 0.22083333333333333 0.49296875 0.2234375 0.48828125 0.228125 0.483984375 0.240625 0.486328125 0.26510416666666664 0.49453125 0.2791666666666667
0 0.33515625 0.29375 0.341015625 0.2994791666666667 0.347265625 0.2994791666666667 0.365234375 0.2875 0.3671875 0.2838541666666667 0.367578125 0.2671875 0.363671875 0.24895833333333334 0.360546875 0.24635416666666668 0.34765625 0.24895833333333334 0.338671875 0.2552083333333333 0.334765625 0.2609375 0.332421875 0.2708333333333333 0.332421875 0.2869791666666667 0.33515625 0.29375
0 0.331578125 0.34794791666666663 0.05623437500000002 0.040213541666666686
0 0.30625 0.2833333333333333 0.31015625 0.2828125 0.315625 0.27760416666666665 0.3296875 0.2708333333333333 0.331640625 0.2598958333333333 0.330078125 0.24583333333333332 0.328515625 0.2390625 0.3234375 0.23489583333333333 0.3171875 0.23489583333333333 0.3046875 0.24322916666666666 0.29765625 0.25416666666666665 0.299609375 0.2760416666666667 0.30625 0.2833333333333333
0 0.563671875 0.39791666666666664 0.567578125 0.4046875 0.575390625 0.41041666666666665 0.583984375 0.4125 0.590234375 0.4088541666666667 0.59765625 0.4010416666666667 0.60078125 0.39375 0.6015625 0.3859375 0.598046875 0.37083333333333335 0.593359375 0.3640625 0.58671875 0.35885416666666664 0.579296875 0.3578125 0.57421875 0.359375 0.562109375 0.3692708333333333 0.560546875 0.37395833333333334 0.56015625 0.38125 0.563671875 0.39791666666666664
0 0.554296875 0.3416666666666667 0.559375 0.34791666666666665 0.56640625 0.353125 0.5734375 0.3541666666666667 0.5796875 0.35260416666666666 0.589453125 0.3453125 0.59296875 0.3338541666666667 0.593359375 0.3260416666666667 0.588671875 0.31354166666666666 0.584765625 0.30833333333333335 0.576171875 0.3020833333333333 0.5671875 0.3015625 0.56015625 0.30416666666666664 0.553515625 0.31145833333333334 0.546875 0.3234375 0.554296875 0.3416666666666667
0 0.5484375 0.2869791666666667 0.5484375 0.2953125 0.543359375 0.2984375 0.54609375 0.3026041666666667 0.55234375 0.3067708333333333 0.55703125 0.3072916666666667 0.562890625 0.3026041666666667 0.573828125 0.30052083333333335 0.581640625 0.29270833333333335 0.583984375 0.2864583333333333 0.584375 0.27447916666666666 0.5828125 0.26666666666666666 0.5765625 0.25833333333333336 0.5703125 0.25364583333333335 0.560546875 0.2520833333333333 0.55625 0.25416666666666665 0.547265625 0.2635416666666667 0.54453125 0.2703125 0.542578125 0.2796875 0.5484375 0.2869791666666667
0 0.547796875 0.23603125000000003 0.03485156249999992 0.06420312500000001
0 0.5347500000000001 0.187671875 0.03925000000000001 0.049374999999999974
0 0.7161484375 0.0009166666666666666 0.0007929687500000781 0.0018333333333333333
0 0.48671875 0.265625 0.49453125 0.2786458333333333 0.505859375 0.28020833333333334 0.516015625 0.27447916666666666 0.5234375 0.2557291666666667 0.525 0.24010416666666667 0.522265625 0.23125 0.518359375 0.22552083333333334 0.51015625 0.22135416666666666 0.49765625 0.22083333333333333 0.48984375 0.22604166666666667 0.484765625 0.2359375 0.483984375 0.24739583333333334 0.48671875 0.265625
0 0.37401953125 0.39086458333333335 0.04787499999999998 0.08615625000000003
0 0.34046875 0.40536979166666665 0.041953125000000036 0.07891145833333332
0 0.578484375 0.19333333333333333 0.03049218749999998 0.06917708333333336
0 0.6464765625 0.43182812499999995 0.07560156249999998 0.3980781249999999
2 0.361328125 0.6385416666666667 0.3671875 0.6479166666666667 0.36875 0.6541666666666667 0.392578125 0.6791666666666667 0.40078125 0.6854166666666667 0.405859375 0.6869791666666667 0.408203125 0.690625 0.412890625 0.6890625 0.419140625 0.6817708333333333 0.423046875 0.6864583333333333 0.42734375 0.684375 0.43203125 0.6864583333333333 0.4375 0.6796875 0.44921875 0.6765625 0.46234374999999994 0.6760416666666667 0.46953125 0.6859375 0.48671875 0.6869791666666667 0.4921875 0.6854166666666667 0.49375 0.6807291666666667 0.5015625 0.684375 0.50390625 0.68125 0.50390625 0.6598958333333333 0.50234375 0.6546875 0.506640625 0.6421875 0.5015625 0.6380208333333334 0.49306640625 0.6390625 0.48984375 0.6375 0.488671875 0.6270833333333333 0.47421875 0.5880208333333333 0.407421875 0.6083333333333333 0.40390625 0.60625 0.399609375 0.6088541666666667 0.380859375 0.6109375 0.365234375 0.6166666666666667 0.3609375 0.6203125 0.36015625 0.6322916666666667 0.361328125 0.6385416666666667
2 0.41796875 0.7125 0.421875 0.7182291666666667 0.43359375 0.7276041666666667 0.439453125 0.7390625 0.451171875 0.7390625 0.455859375 0.7411458333333333 0.4859375 0.7385416666666667 0.4953125 0.7354166666666667 0.50234375 0.740625 0.517578125 0.7317708333333334 0.51953125 0.7177083333333333 0.51875 0.6947916666666667 0.521484375 0.6817708333333333 0.51796875 0.6760416666666667 0.52109375 0.671875 0.52109375 0.6671875 0.509765625 0.6411458333333333 0.505859375 0.6463541666666667 0.49765625 0.6411458333333333 0.449609375 0.6536458333333334 0.421875 0.65625 0.417578125 0.6588541666666666 0.4140625 0.6697916666666667 0.413671875 0.6848958333333334 0.41796875 0.7125
2 0.250390625 0.43125 0.250390625 0.446875 0.25546875 0.4666666666666667 0.258203125 0.46979166666666666 0.2578125 0.4744791666666667 0.262890625 0.4828125 0.275 0.49322916666666666 0.279296875 0.49270833333333336 0.28828125 0.4859375 0.289453125 0.4822916666666667 0.28828125 0.47708333333333336 0.29296875 0.459375 0.2953125 0.4375 0.294921875 0.4328125 0.291015625 0.4251734375 0.294140625 0.3921875 0.28984375 0.3609375 0.284765625 0.3375 0.282421875 0.334375 0.2796875 0.32135416666666666 0.275390625 0.3177083333333333 0.2625 0.31979166666666664 0.25859375 0.32708333333333334 0.25 0.37135416666666665 0.24609375 0.403125 0.245703125 0.42083333333333334 0.250390625 0.43125
2 0.28848046875 0.5947083333333333 0.045066406249999955 0.14727604166666666
0 0.612109375 0.4395833333333333 0.611328125 0.41875 0.606640625 0.4114583333333333 0.6 0.40677083333333336 0.59140625 0.4078125 0.58359375 0.41354166666666664 0.5824925140625 0.4530920369791666 0.59453125 0.4588541666666667 0.603125 0.45625 0.61015625 0.446875 0.612109375 0.4395833333333333
0 0.565625 0.4671875 0.5703125 0.46458333333333335 0.57734375 0.45729166666666665 0.579296875 0.4515625 0.5807425312500001 0.45225443802083337 0.5734375 0.42083333333333334 0.56015625 0.4125 0.542578125 0.4276041666666667 0.54140625 0.4421875 0.54609375 0.4588541666666667 0.5515625 0.46458333333333335 0.55859375 0.46770833333333334 0.565625 0.4671875
0 0.458984375 0.16302083333333334 0.46171875 0.16510416666666666 0.473046875 0.1546875 0.489453125 0.15104166666666666 0.491796875 0.1390625 0.4859375 0.12760416666666666 0.47421875 0.12135416666666667 0.465625 0.1234375 0.4578125 0.1328125 0.45546875 0.13854166666666667 0.455859375 0.15104166666666666 0.458984375 0.16302083333333334
0 0.48125 0.1203125 0.485546875 0.12291666666666666 0.490234375 0.11875 0.491796875 0.1140625 0.509765625 0.10520833333333333 0.51015625 0.0953125 0.508984375 0.09270833333333334 0.498046875 0.08385416666666666 0.48671875 0.08489583333333334 0.47734375 0.09583333333333334 0.478515625 0.115625 0.48125 0.1203125
0 0.525390625 0.1171875 0.54296875 0.10885416666666667 0.544140625 0.10677083333333333 0.543359375 0.0953125 0.534765625 0.084375 0.530078125 0.08229166666666667 0.52265625 0.08333333333333333 0.515234375 0.0890625 0.51171875 0.09635416666666667 0.51328125 0.10625 0.525390625 0.1171875
2 0.35795312500000004 0.3687552083333333 0.17404687500000002 0.4079479166666666
2 0.429296875 0.7869791666666667 0.4359375 0.7932291666666667 0.4359375 0.8010416666666667 0.438671875 0.8041666666666667 0.444921875 0.8026041666666667 0.45234375 0.790625 0.462890625 0.7869791666666667 0.46640625 0.7833333333333333 0.46640625 0.765625 0.450390625 0.7604166666666666 0.435546875 0.7515625 0.43125 0.7552083333333334 0.42890625 0.7609375 0.42734375 0.7723958333333333 0.429296875 0.7869791666666667
2 0.390234375 0.7786458333333334 0.396484375 0.784375 0.4046875 0.7817708333333333 0.408984375 0.765625 0.4109375 0.7635416666666667 0.412890625 0.7427083333333333 0.40859375 0.7395833333333334 0.392578125 0.7411458333333333 0.388671875 0.7515625 0.3875 0.7614583333333333 0.390234375 0.7786458333333334