2 0.38671875 0.27421875 0.1453125 0.2713541666666667
0 0.5421875 0.3828125 0.04375 0.05416666666666667
0 0.533203125 0.33105729166666664 0.04360937499999995 0.056640625
0 0.55859375 0.431640625 0.043031249999999945 0.053468750000000044
0 0.60986328125 0.33284375 0.03860546874999997 0.05244791666666669
0 0.57421875 0.3336614583333333 0.04037500000000005 0.05326562499999999
0 0.59716796875 0.4313177083333333 0.038972656249999994 0.052734375
0 0.51513671875 0.287109375 0.04098437500000003 0.05603124999999999
0 0.6171875 0.3824895833333333 0.03747656250000002 0.05033333333333338
0 0.63037109375 0.4296875 0.03482031249999995 0.049031250000000054
0 0.56103515625 0.283203125 0.041929687500000055 0.054645833333333345
0 0.64208984375 0.329265625 0.03430078124999998 0.04838020833333338
0 0.66064453125 0.4215520833333333 0.032960937500000044 0.04801562500000003
0 0.67138671875 0.3302395833333333 0.03210546875000002 0.045125000000000054
0 0.599609375 0.28515625 0.038332031250000044 0.05224479166666664
0 0.63427734375 0.478515625 0.034242187499999945 0.046510416666666644
0 0.501953125 0.20328645833333334 0.037109375 0.05550000000000003
0 0.5146484375 0.23828125 0.03891015625000005 0.05082291666666669
0 0.66064453125 0.4661458333333333 0.033601562499999994 0.0470364583333333
0 0.6630859375 0.2866197916666666 0.03137109374999998 0.04378124999999997
0 0.6748046875 0.375328125 0.031984375000000044 0.04520833333333331
0 0.63330078125 0.2836927083333334 0.035218749999999945 0.050046874999999984
0 0.60107421875 0.4791666666666667 0.03942968750000002 0.04858333333333332
0 0.64697265625 0.37890625 0.03454687500000002 0.04838020833333338
0 0.6201171875 0.23926041666666667 0.03594921875000008 0.0470364583333333
0 0.5859375 0.23535416666666667 0.04098437500000003 0.054036458333333336
0 0.685546875 0.414390625 0.02914453125000005 0.0428072916666667
0 0.64892578125 0.2459322916666667 0.03125 0.04402604166666668
0 0.39111328125 0.22721354166666666 0.04586718750000003 0.056760416666666674
0 0.6396484375 0.20784375 0.03332421874999998 0.04135937499999998
0 0.548828125 0.22298437499999998 0.039796875000000044 0.05367187499999997
0 0.607421875 0.20068229166666668 0.03662109375 0.045572916666666664
0 0.47192578125000006 0.14225520833333333 0.03402734375000005 0.043296875
0 0.68505859375 0.45801041666666664 0.028441406249999978 0.04353645833333329
0 0.53515625 0.18392187499999998 0.03854296875000003 0.05367187499999997
0 0.55615234375 0.1540520833333333 0.0390625 0.04280729166666668
0 0.36548046875 0.3116875 0.0439453125 0.05814583333333338
0 0.5126953125 0.15226041666666665 0.036070312500000055 0.04313020833333335
0 0.623046875 0.17057291666666666 0.03402734375000005 0.03820833333333334
0 0.356203125 0.2565104166666667 0.04232812499999996 0.054645833333333345
0 0.478515625 0.17936458333333333 0.03726171874999995 0.05867708333333332
0 0.57177734375 0.18896354166666668 0.039949218749999994 0.05069791666666668
0 0.60546875 0.14322916666666666 0.034757812500000006 0.04050520833333333
0 0.59033203125 0.16096875 0.035890625000000044 0.042072916666666654
0 0.5048828125 0.12686979166666665 0.03390625000000007 0.04264583333333331
0 0.49389843750000006 0.10538541666666666 0.03301953125000008 0.04435416666666668
0 0.54052734375 0.131265625 0.03662109375 0.046588541666666664
0 0.34423828125 0.22314583333333332 0.03677343750000004 0.04732291666666667
0 0.68212890625 0.49511979166666664 0.03533984374999992 0.04020312500000003
0 0.52734375 0.10278125 0.034089843749999994 0.03967187500000001
0 0.63330078125 0.5439479166666668 0.04162499999999998 0.052734375
0 0.57421875 0.13216145833333334 0.03533984374999992 0.041911458333333346
0 0.63818359375 0.58984375 0.03210546875000002 0.040364583333333336
0 0.5615234375 0.10408333333333333 0.032960937500000044 0.034869791666666664
0 0.48462109375000006 0.634765625 0.036070312500000055 0.049031249999999936
0 0.59423828125 0.11588541666666667 0.03204296875000008 0.032369791666666654
0 0.3564453125 0.6003541666666667 0.032652343749999965 0.04058854166666658
0 0.51953125 0.6477864583333334 0.03561328125000003 0.04207291666666677
0 0.64697265625 0.65853125 0.024519531249999994 0.031046875000000067
0 0.5185546875 0.6220729166666668 0.033140625000000055 0.0381249999999999
0 0.66552734375 0.5807291666666666 0.026457031250000006 0.03834895833333339
0 0.6044921875 0.673828125 0.027527343749999923 0.03356770833333324
0 0.35962109375 0.5859375 0.031312500000000035 0.03181770833333341
0 0.38232421875 0.18880208333333334 0.039124999999999986 0.04512499999999999
0 0.66064453125 0.535484375 0.035066406249999994 0.047645833333333346
0 0.66357421875 0.6061197916666666 0.025910156249999972 0.03466666666666664
0 0.68603515625 0.5686875 0.021988281249999984 0.03448437500000002
0 0.529296875 0.7532552083333334 0.025558593749999935 0.03721354166666657
0 0.61279296875 0.6458333333333334 0.030730468750000028 0.04050520833333333
0 0.3935546875 0.6015625 0.035218749999999986 0.037843749999999926
0 0.62744140625 0.666015625 0.025085937499999923 0.030458333333333344
0 0.66796875 0.6474635416666668 0.020964843750000028 0.030760416666666637
0 0.5693359375 0.7421875 0.024660156250000044 0.032755208333333265
0 0.6806640625 0.623375 0.022675781250000072 0.03224479166666659
0 0.6611328125 0.6328125 0.024933593749999972 0.03416145833333341
0 0.64501953125 0.6927083333333334 0.023726562499999916 0.038411458333333336
0 0.3464375 0.6481145833333334 0.029312499999999984 0.03908333333333332
0 0.6337890625 0.60775 0.029207031249999994 0.035890624999999926
0 0.52001953125 0.724609375 0.027953124999999978 0.027854166666666676
0 0.5673828125 0.7180989583333334 0.02328515625000005 0.032447916666666764
0 0.46850781250000006 0.73046875 0.023652343750000072 0.04463541666666657
0 0.68359375 0.5989583333333334 0.021453125000000028 0.03466666666666664
0 0.59619140625 0.6608072916666666 0.021085937500000006 0.04463541666666657
0 0.49341015625000006 0.71875 0.021285156249999916 0.0360937500000001
0 0.54638671875 0.7233072916666666 0.02433593750000007 0.031473958333333246
0 0.5498046875 0.7486979166666666 0.02400390624999993 0.03678645833333339
0 0.3630390625 0.6432291666666666 0.027328125000000016 0.03434375000000003
0 0.607421875 0.7076822916666666 0.024660156250000044 0.02801562499999998
0 0.62353515625 0.57259375 0.014839843749999915 0.030354166666666772
0 0.58447265625 0.4720052083333333 0.018507812500000043 0.037984375000000035
0 0.6455078125 0.7252604166666666 0.020765624999999944 0.02982812499999999
0 0.6279296875 0.73046875 0.021285156249999916 0.031635416666666555
0 0.609375 0.734375 0.022324218750000034 0.03871875000000007
0 0.626953125 0.697265625 0.023195312500000044 0.032447916666666764
0 0.67919921875 0.5169270833333334 0.033781250000000006 0.03533854166666662
0 0.48486328125 0.7506510416666666 0.01994140625000007 0.026552083333333344
0 0.5830078125 0.7018229166666666 0.023695312499999944 0.03778124999999998
0 0.5908203125 0.751953125 0.023421875000000016 0.031635416666666555
0 0.49389843750000006 0.76171875 0.022718749999999944 0.030291666666666592
0 0.5068359375 0.7467447916666666 0.023070312499999978 0.0284427083333334
0 0.51123046875 0.7623697916666666 0.020597656250000006 0.023072916666666762
0 0.59033203125 0.7298177083333334 0.023695312499999944 0.03057812500000002
0 0.68798828125 0.5319010416666666 0.02377343750000005 0.03434375000000003
2 0.42895703125000006 0.7819010416666666 0.07433984374999998 0.07836979166666656
2 0.337890625 0.6692708333333334 0.3453125 0.6708333333333333 0.3546875 0.6666666666666666 0.358984375 0.66875 0.362109375 0.6848958333333334 0.369140625 0.6890625 0.38046875 0.6869791666666667 0.384375 0.6833333333333333 0.388671875 0.6755208333333333 0.390625 0.665625 0.400390625 0.6458333333333334 0.408984375 0.61875 0.413671875 0.6114583333333333 0.427734375 0.571875 0.43046875 0.5578125 0.43515625 0.5484375 0.45078125 0.4901041666666667 0.44765625 0.48072916666666665 0.43515625 0.46927083333333336 0.432421875 0.46197916666666666 0.424609375 0.4552083333333333 0.4203125 0.45677083333333335 0.408984375 0.4510416666666667 0.399609375 0.4505208333333333 0.392578125 0.45625 0.384765625 0.4713541666666667 0.382421875 0.48020833333333335 0.37578125 0.49114583333333334 0.36875 0.49947916666666664 0.36484375 0.5015625 0.364453125 0.5057291666666667 0.3671875 0.5151041666666667 0.364453125 0.5260416666666666 0.351953125 0.5411458333333333 0.342578125 0.55625 0.3328125 0.6213541666666667 0.330859375 0.6578125 0.337890625 0.6692708333333334
2 0.25703125 0.5484375 0.26171875 0.5833333333333334 0.265234375 0.5921875 0.26328125 0.5953125 0.266796875 0.5979166666666667 0.27109375 0.6109375 0.281640625 0.6234375 0.280859375 0.6265625 0.283203125 0.628125 0.29609375 0.6067708333333334 0.3 0.5932291666666667 0.29765625 0.5744791666666667 0.298046875 0.5520833333333334 0.296875 0.5479166666666667 0.2984375 0.5447916666666667 0.295703125 0.5385416666666667 0.2953125 0.5322916666666667 0.29921875 0.5182291666666666 0.29921875 0.5104166666666666 0.2640625 0.540625 0.262109375 0.5447916666666667 0.25703125 0.5484375
2 0.25546875 0.49375 0.25546875 0.5067708333333333 0.257421875 0.5088541666666667 0.2640625 0.5072916666666667 0.27578125 0.49895833333333334 0.283984375 0.4979166666666667 0.281640625 0.496875 0.280859375 0.49375 0.296875 0.4822916666666667 0.29765625 0.46875 0.303125 0.4630208333333333 0.3 0.46041666666666664 0.299609375 0.4546875 0.29609375 0.4505208333333333 0.287109375 0.44583333333333336 0.273828125 0.44583333333333336 0.266015625 0.4546875 0.26328125 0.4796875 0.25546875 0.49375
2 0.251171875 0.375 0.254296875 0.3802083333333333 0.257421875 0.39166666666666666 0.25546875 0.4036458333333333 0.250390625 0.41041666666666665 0.248828125 0.4161458333333333 0.254296875 0.41770833333333335 0.271875 0.4119791666666667 0.2796875 0.4041666666666667 0.302734375 0.3729166666666667 0.30625 0.371875 0.310546875 0.36666666666666664 0.3140625 0.3494791666666667 0.312890625 0.3338541666666667 0.308203125 0.32135416666666666 0.303515625 0.31614583333333335 0.29453125 0.3151041666666667 0.285546875 0.3182291666666667 0.27734375 0.32395833333333335 0.26875 0.334375 0.259375 0.3359375 0.250390625 0.3546875 0.243359375 0.3651041666666667 0.241015625 0.3729166666666667 0.251171875 0.375
2 0.25625 0.2864583333333333 0.25625 0.2984375 0.259375 0.30520833333333336 0.263671875 0.3078125 0.266796875 0.303125 0.274609375 0.3 0.283203125 0.3026041666666667 0.30703125 0.2713541666666667 0.314453125 0.2578125 0.31484375 0.2515625 0.311328125 0.24305572916666665 0.312109375 0.215625 0.298828125 0.2078125 0.294921875 0.20885416666666667 0.259375 0.25625 0.255859375 0.26458333333333334 0.25234375 0.2791666666666667 0.25625 0.2864583333333333