2 0.452734375 0.5033854166666667 0.16640625 0.3515625
0 0.54338671875 0.3826458333333333 0.052894531249999946 0.05359895833333338
0 0.53271484375 0.33040625 0.04312109374999995 0.056437499999999946
0 0.59765625 0.43196875 0.03869531249999998 0.0525729166666667
0 0.57421875 0.33301041666666664 0.039949218749999994 0.05176041666666661
0 0.61083984375 0.3318697916666667 0.03759765625 0.051109375000000054
0 0.5615234375 0.2825520833333333 0.040464843750000055 0.052369791666666644
0 0.58251953125 0.38509375 0.0390625 0.05244791666666669
0 0.51513671875 0.2866197916666666 0.04037500000000005 0.055583333333333346
0 0.55859375 0.4332708333333333 0.04327343750000008 0.05216666666666671
0 0.6298828125 0.43066666666666664 0.0341796875 0.050416666666666644
0 0.634765625 0.4781927083333333 0.03396484374999993 0.04711979166666668
0 0.599609375 0.2849947916666667 0.037535156250000055 0.05098437500000002
0 0.61767578125 0.3824895833333333 0.03616406249999997 0.049192708333333356
0 0.501953125 0.20280208333333333 0.03662109375 0.05517708333333336
0 0.662109375 0.466796875 0.03192187499999992 0.04606250000000003
0 0.64208984375 0.3297552083333333 0.033265624999999945 0.047932291666666654
0 0.6748046875 0.37597916666666664 0.031496093750000044 0.045572916666666664
0 0.6630859375 0.2869479166666667 0.031144531250000006 0.043619791666666664
0 0.6611328125 0.4215520833333333 0.032289062499999945 0.048093749999999956
0 0.6708984375 0.3294270833333333 0.030960937500000084 0.044026041666666654
0 0.51513671875 0.23779166666666668 0.03823828124999995 0.05004687500000002
0 0.60205078125 0.4798177083333333 0.03860546874999997 0.049598958333333346
0 0.5869140625 0.23388541666666668 0.0390625 0.05098437499999999
0 0.53466796875 0.17903645833333334 0.03774999999999995 0.04451562500000002
0 0.62060546875 0.23844270833333334 0.03488281250000007 0.046510416666666644
0 0.44995312500000006 0.4479166666666667 0.04638671875 0.06347916666666673
0 0.6337890625 0.2836927083333334 0.034605468750000055 0.04931770833333336
0 0.650390625 0.24577083333333333 0.031675781250000055 0.043052083333333345
0 0.47265625 0.14396354166666667 0.03533984374999992 0.043864583333333346
0 0.54931640625 0.22314583333333332 0.03970312499999995 0.05423958333333333
0 0.63916015625 0.5533854166666666 0.03125 0.04435416666666665
0 0.57177734375 0.18717708333333333 0.03891015625000005 0.04695833333333332
0 0.4091796875 0.4684270833333333 0.04376171875000003 0.06058854166666663
0 0.6474609375 0.37890625 0.03390625000000007 0.04858333333333332
0 0.607421875 0.19938020833333334 0.036222656250000006 0.04451562500000002
0 0.640625 0.20752083333333332 0.03353906250000005 0.04121874999999999
0 0.62353515625 0.17057291666666666 0.033140625000000055 0.037984375000000035
0 0.47876171875000006 0.18098958333333334 0.03774999999999995 0.058921875
0 0.55615234375 0.15250520833333334 0.03781250000000007 0.04067187500000002
0 0.68603515625 0.41504166666666664 0.028273437500000043 0.04240104166666671
0 0.51220703125 0.151203125 0.03634765625000007 0.04067187500000002
0 0.6416015625 0.5891927083333334 0.029480468749999923 0.04044791666666659
0 0.494140625 0.10481770833333333 0.032777343749999945 0.04223437500000002
0 0.68603515625 0.4583333333333333 0.027589843750000044 0.042317708333333336
0 0.6220703125 0.519859375 0.03811718749999997 0.05082291666666669
0 0.60595703125 0.14103125 0.034089843749999994 0.038635416666666686
0 0.57470703125 0.130046875 0.03533984374999992 0.039895833333333346
0 0.64013671875 0.64453125 0.02937499999999993 0.03997916666666678
0 0.52783203125 0.10147916666666666 0.034089843749999994 0.03657812500000001
0 0.6162109375 0.6246770833333334 0.030105468750000065 0.03863541666666658
0 0.5068359375 0.12686979166666668 0.03582812499999992 0.04144270833333333
0 0.5908203125 0.16048437499999998 0.03549218750000005 0.04005729166666665
0 0.666015625 0.58040625 0.027800781250000028 0.03997916666666678
0 0.541015625 0.129640625 0.036222656250000006 0.044635416666666664
0 0.6826171875 0.4957708333333333 0.0341796875 0.04075
0 0.61279296875 0.595703125 0.030625000000000034 0.04160416666666673
0 0.68310546875 0.6009114583333334 0.022324218750000034 0.035807291666666664
0 0.603515625 0.673828125 0.026960937499999994 0.03615104166666659
0 0.68115234375 0.6236979166666666 0.023468749999999972 0.0325104166666667
0 0.6416015625 0.6165364583333334 0.027175781250000065 0.03501562500000001
0 0.5615234375 0.10261979166666667 0.03210546875000002 0.03188020833333332
0 0.59423828125 0.11572395833333333 0.031203125000000043 0.031291666666666655
0 0.6640625 0.6061197916666666 0.026109375000000056 0.0342187499999999
0 0.66796875 0.6484375 0.021484375 0.03135416666666657
0 0.626953125 0.66796875 0.026304687500000055 0.031635416666666555
0 0.68603515625 0.5686875 0.022507812499999957 0.03568749999999999
0 0.64501953125 0.693359375 0.024429687499999984 0.042885416666666745
0 0.6279296875 0.69921875 0.024046874999999978 0.038859375000000064
0 0.66162109375 0.6334635416666666 0.02377343750000005 0.032755208333333265
0 0.58740234375 0.4713541666666667 0.02400390624999993 0.038718749999999955
0 0.60595703125 0.7037760416666666 0.024519531249999994 0.03769791666666673
0 0.66357421875 0.5390625 0.032472656250000044 0.04911458333333337
0 0.64599609375 0.7252604166666666 0.021910156250000055 0.032572916666666646
0 0.615234375 0.648765625 0.028382812499999945 0.035807291666666664
0 0.6875 0.5322291666666668 0.02328515625000005 0.03664062500000001
0 0.62841796875 0.7356770833333334 0.020597656250000006 0.03288020833333339
0 0.6103515625 0.734375 0.021085937500000006 0.04463541666666657
2 0.2946796875 0.5107447916666668 0.07208203124999998 0.1790364583333334
2 0.2810078125 0.31543229166666664 0.09185937500000003 0.20849479166666665
0 0.52421875 0.7140520833333334 0.03033984375000003 0.04741666666666665
0 0.55484765625 0.734515625 0.018917968749999937 0.03911979166666673
0 0.46852734375000005 0.7324010416666666 0.022207031249999964 0.049505208333333425
0 0.49390625000000005 0.74775 0.01990234374999993 0.04712500000000001
0 0.58449609375 0.7018177083333333 0.034378906250000084 0.0460208333333334
0 0.5891992187499999 0.7521666666666668 0.039742187499999915 0.029052083333333437
0 0.4636484375 0.5069166666666667 0.04021484374999993 0.06054166666666661
0 0.42661718750000005 0.5256041666666667 0.041671874999999935 0.06346874999999995
0 0.44119140625000003 0.562828125 0.03901953124999995 0.03898437499999995
0 0.4840546875 0.5612395833333333 0.04127343749999994 0.05701041666666669
0 0.46106640624999995 0.6172604166666668 0.044320312500000014 0.048916666666666705
0 0.49657421875 0.6035625 0.04114062500000006 0.04802083333333324
0 0.47461328125 0.6512343749999999 0.03365624999999994 0.04177604166666669
0 0.50947265625 0.64409375 0.04677734375 0.04310937499999999