2 0.3880859375 0.27447916666666666 0.151953125 0.271875
0 0.5125078125 0.28849479166666664 0.042367187500000014 0.0691041666666667
0 0.501953125 0.20263541666666668 0.037046875000000055 0.05395312500000002
0 0.56103515625 0.2838541666666667 0.04138281250000002 0.05570312500000003
0 0.5712890625 0.3336614583333333 0.04217578124999992 0.053468750000000044
0 0.55859375 0.4322916666666667 0.042878906249999994 0.05383333333333328
0 0.541015625 0.383140625 0.04296875 0.05444270833333332
0 0.60986328125 0.3325208333333334 0.03811718749999997 0.05188020833333328
0 0.58251953125 0.3854166666666667 0.039640625000000006 0.052854166666666674
0 0.599609375 0.2856458333333334 0.038332031250000044 0.052854166666666674
0 0.59765625 0.431640625 0.038820312500000044 0.052734375
0 0.5859375 0.2351875 0.040925781249999994 0.05375000000000003
0 0.6171875 0.3824895833333333 0.03774999999999995 0.050416666666666644
0 0.548828125 0.22444791666666666 0.03955078125 0.05590625000000002
0 0.6630859375 0.2864583333333333 0.03137109374999998 0.04345833333333336
0 0.6416015625 0.329265625 0.0341796875 0.047854166666666725
0 0.63427734375 0.478515625 0.03384374999999995 0.046510416666666644
0 0.67138671875 0.3297552083333333 0.0322265625 0.04394791666666661
0 0.63330078125 0.28434375 0.03533984374999992 0.05098437500000002
0 0.5146484375 0.23844270833333334 0.03823828124999995 0.05098437499999999
0 0.53466796875 0.18327083333333333 0.038332031250000044 0.051109375
0 0.6748046875 0.375328125 0.03253125000000008 0.045125000000000054
0 0.60107421875 0.47949479166666664 0.03891015625000005 0.0486666666666667
0 0.63037109375 0.4293645833333333 0.034605468750000055 0.048947916666666674
0 0.64892578125 0.24577083333333333 0.03143359374999992 0.04410937500000003
0 0.66064453125 0.4215520833333333 0.03301953125000008 0.048463541666666644
0 0.47729687500000006 0.177734375 0.03601171875000002 0.056317708333333334
0 0.47241406250000006 0.14201041666666667 0.03430078124999998 0.04240104166666665
0 0.66064453125 0.46582291666666664 0.03384374999999995 0.04606250000000003
0 0.64697265625 0.3785833333333333 0.03430078124999998 0.0475677083333333
0 0.57177734375 0.188640625 0.03970312499999995 0.049598958333333346
0 0.5126953125 0.15169270833333334 0.036070312500000055 0.04215625000000001
0 0.6201171875 0.23893229166666666 0.03567578124999997 0.04626562500000002
0 0.60693359375 0.200359375 0.03662109375 0.045286458333333356
0 0.685546875 0.4140625 0.02914453125000005 0.04247916666666664
0 0.63916015625 0.20752083333333332 0.032960937500000044 0.04105729166666669
0 0.55615234375 0.15438020833333335 0.03839062500000008 0.042317708333333336
0 0.68505859375 0.45801041666666664 0.02937499999999993 0.0431302083333333
0 0.62353515625 0.1710625 0.0341796875 0.03812500000000003
0 0.49389843750000006 0.10538541666666666 0.03301953125000008 0.044109375
0 0.60546875 0.14273958333333334 0.03436328124999992 0.03975520833333334
0 0.59033203125 0.16015625 0.035554687499999994 0.041135416666666674
0 0.54052734375 0.13102083333333334 0.03698828125000002 0.04614062500000002
0 0.39306640625 0.22802604166666668 0.0439453125 0.05354687500000003
0 0.68212890625 0.4947916666666667 0.03549218750000005 0.0414427083333333
0 0.50537109375 0.12784895833333335 0.03494140624999993 0.04215625
0 0.52734375 0.103515625 0.03448437500000008 0.04067187500000002
0 0.35546875 0.2513020833333333 0.03942968750000002 0.043864583333333346
0 0.36450390625 0.311359375 0.04183984374999996 0.0553802083333333
0 0.6328125 0.5436197916666666 0.04037500000000005 0.050901041666666674
0 0.3447265625 0.22330729166666666 0.03698828125000002 0.04512499999999999
0 0.5615234375 0.10408333333333333 0.03271484375 0.03521875
0 0.57421875 0.13102083333333334 0.03515625 0.03960937499999999
0 0.59423828125 0.11678125 0.03204296875000008 0.03281770833333333
0 0.61083984375 0.6393229166666666 0.032960937500000044 0.05558333333333323
0 0.63818359375 0.6438802083333334 0.028382812499999945 0.03849479166666659
2 0.276125 0.422203125 0.06622265624999998 0.1540520833333333
0 0.5166015625 0.6363958333333334 0.035218749999999945 0.06575520833333333
0 0.46875 0.6650416666666668 0.035734375000000006 0.03997916666666678
0 0.66162109375 0.53515625 0.037046875000000055 0.04903124999999999
0 0.60400390625 0.6751302083333334 0.02700781249999995 0.0325104166666667
0 0.48510937500000006 0.6295572916666666 0.036558593750000055 0.04740624999999999
0 0.63916015625 0.5869166666666668 0.030105468750000065 0.0382083333333334
0 0.58447265625 0.70703125 0.024839843750000055 0.03460937499999991
0 0.68017578125 0.5188802083333334 0.03430078124999998 0.035947916666666656
0 0.59521484375 0.6614583333333334 0.022582031249999978 0.04443229166666664
0 0.64501953125 0.6946614583333334 0.023726562499999916 0.0382083333333334
0 0.6650390625 0.5794270833333334 0.026656249999999916 0.03623437500000008
0 0.46850781250000006 0.7311197916666666 0.023421875000000016 0.04378124999999997
0 0.52880859375 0.748046875 0.025132812500000056 0.03176041666666667
0 0.640625 0.6165364583333334 0.026765624999999994 0.033833333333333354
0 0.6640625 0.605796875 0.025132812500000056 0.03129166666666663
0 0.56689453125 0.7174479166666666 0.022414062500000043 0.03110937500000001
0 0.49267578125 0.7180989583333334 0.019714843749999923 0.03448437500000002
0 0.62744140625 0.666015625 0.026351562500000016 0.030171874999999914
0 0.51171875 0.7154947916666666 0.022718749999999944 0.03407812499999992
0 0.5849609375 0.4723333333333333 0.01953125 0.03857291666666664
0 0.6259765625 0.6979166666666666 0.022507812499999957 0.03466666666666664
0 0.38232421875 0.19010416666666666 0.03689453124999997 0.04488020833333331
0 0.66796875 0.6461614583333334 0.02001953125 0.02805729166666661
0 0.546875 0.7220052083333334 0.023820312500000006 0.030171874999999914
0 0.5693359375 0.7421875 0.023910156250000016 0.0319427083333333
0 0.607421875 0.708984375 0.024382812500000028 0.02801562499999998
0 0.548828125 0.75 0.02456640624999995 0.036843749999999884
0 0.685546875 0.5680364583333334 0.021699218750000072 0.0319427083333333
0 0.68359375 0.5986354166666668 0.02140625000000007 0.03501562500000001
0 0.609375 0.7337239583333334 0.022324218750000034 0.038859375000000064
0 0.62841796875 0.60546875 0.021621093749999966 0.03792187499999997
0 0.49560546875 0.7337239583333334 0.024429687499999984 0.026692708333333332
0 0.6591796875 0.6334635416666666 0.022078124999999994 0.029947916666666668
0 0.6787109375 0.6243489583333334 0.02302734374999993 0.031166666666666742
0 0.4873046875 0.7571614583333334 0.024886718750000016 0.030984374999999887
0 0.6279296875 0.7311197916666666 0.020339843750000065 0.03306250000000001
0 0.62841796875 0.7135416666666666 0.022035156249999945 0.029031249999999887
0 0.52734375 0.7220052083333334 0.018937500000000006 0.028645833333333332
0 0.591796875 0.7513020833333334 0.02302734374999993 0.03129166666666663
0 0.48046875 0.566734375 0.023863281250000055 0.01811979166666665
0 0.64404296875 0.7291666666666666 0.019011718750000028 0.029723958333333418
0 0.59033203125 0.728515625 0.023726562499999916 0.028989583333333256
2 0.28735546875 0.263671875 0.06421093749999995 0.11246875000000003
2 0.430859375 0.6307291666666667 0.441015625 0.6447916666666667 0.4453125 0.65625 0.446875 0.6703125 0.451953125 0.6739583333333333 0.456640625 0.6848958333333334 0.4625 0.6911458333333333 0.475390625 0.6916666666666667 0.478515625 0.6890625 0.47578125 0.684375 0.4765625 0.6802083333333333 0.496484375 0.6609375 0.50546875 0.6625 0.508203125 0.665625 0.5046875 0.6734375 0.50625 0.6744791666666666 0.512890625 0.6713541666666667 0.520703125 0.6713541666666667 0.52890625 0.6635416666666667 0.537109375 0.6661458333333333 0.539453125 0.6640625 0.550390625 0.6625 0.551171875 0.6604166666666667 0.546875 0.6578125 0.55 0.6526041666666667 0.55625 0.6489583333333333 0.56875 0.6510416666666666 0.571875 0.6473958333333333 0.577734375 0.6458333333333334 0.580859375 0.640625 0.58125 0.6364583333333333 0.576171875 0.61875 0.576171875 0.6119791666666666 0.5796875 0.603125 0.5953125 0.5953125 0.601953125 0.5869791666666667 0.60703125 0.5755208333333334 0.607421875 0.5640625 0.605078125 0.5484375 0.600390625 0.5328125 0.594140625 0.528125 0.5796875 0.5244791666666667 0.564453125 0.5302083333333333 0.558984375 0.5380208333333333 0.55546875 0.5401041666666667 0.533203125 0.5489583333333333 0.515625 0.559375 0.509765625 0.5604166666666667 0.505859375 0.5640625 0.494921875 0.5666666666666667 0.487890625 0.5604166666666667 0.481640625 0.5604166666666667 0.487890625 0.5645833333333333 0.48125 0.5744791666666667 0.475 0.5765625 0.4703125 0.575 0.459375 0.5817708333333333 0.450390625 0.584375 0.44296875 0.5828125 0.439453125 0.5921875 0.43046875 0.6265625 0.430859375 0.6307291666666667
2 0.379296875 0.42083333333333334 0.382421875 0.4348958333333333 0.3875 0.4421875 0.385546875 0.44947916666666665 0.3828125 0.4510416666666667 0.38671875 0.46041666666666664 0.384375 0.4666666666666667 0.39609375 0.509375 0.3953125 0.5182291666666666 0.39921875 0.5260416666666666 0.399609375 0.5369791666666667 0.434375 0.6265625 0.440625 0.6338541666666667 0.442578125 0.6442708333333333 0.45625 0.6671875 0.458203125 0.6734375 0.462890625 0.6770833333333334 0.46484375 0.6739583333333333 0.4640625 0.665625 0.467578125 0.6541666666666667 0.467578125 0.6458333333333334 0.470703125 0.6338541666666667 0.478125 0.628125 0.48671875 0.6276041666666666 0.492578125 0.6229166666666667 0.48828125 0.6182291666666667 0.486328125 0.609375 0.50078125 0.5765625 0.509765625 0.5791666666666667 0.51171875 0.575 0.509765625 0.54375 0.507421875 0.5390625 0.49765625 0.4942708333333333 0.47578125 0.42239583333333336 0.47421875 0.4010416666666667 0.457421875 0.3416666666666667 0.453515625 0.3338541666666667 0.446875 0.328125 0.439453125 0.328125 0.426953125 0.3333333333333333 0.3890625 0.3609375 0.375 0.3770833333333333 0.370703125 0.384375 0.3703125 0.3958333333333333 0.379296875 0.42083333333333334
2 0.31328125 0.5994791666666667 0.31171875 0.6109375 0.31171875 0.6234375 0.313671875 0.6307291666666667 0.31796875 0.6333333333333333 0.33515625 0.63125 0.348046875 0.640625 0.350390625 0.646875 0.348828125 0.6546875 0.346484375 0.6567708333333333 0.342578125 0.6567708333333333 0.341015625 0.6536458333333334 0.3359375 0.6515625 0.334375 0.6489583333333333 0.33203125 0.65 0.345703125 0.6609375 0.349609375 0.6619791666666667 0.35703125 0.6484375 0.36484375 0.6276041666666666 0.367578125 0.6109375 0.373046875 0.5989583333333334 0.3765625 0.5854166666666667 0.37734375 0.5713541666666667 0.38125 0.5572916666666666 0.38203125 0.5328125 0.367578125 0.5192708333333333 0.367578125 0.5 0.3734375 0.49947916666666664 0.376953125 0.4979166666666667 0.37890625 0.4942708333333333 0.381640625 0.4942708333333333 0.379296875 0.4901041666666667 0.38046875 0.4859375 0.377734375 0.48072916666666665 0.371484375 0.47552083333333334 0.36953125 0.4661458333333333 0.357421875 0.46510416666666665 0.34921875 0.4744791666666667 0.3453125 0.49375 0.338671875 0.5135416666666667 0.332421875 0.5463541666666667 0.31796875 0.5640625 0.314453125 0.5828125 0.315234375 0.5963541666666666 0.31328125 0.5994791666666667