2 0.4796875 0.5286458333333334 0.21953125 0.39479166666666665
0 0.5337890625 0.3307291666666667 0.044140625 0.05625
2 0.4095703125 0.46901041666666665 0.044921875 0.0609375
0 0.5419921875 0.3824895833333333 0.043703125000000044 0.056520833333333326
0 0.5615234375 0.2825520833333333 0.04031249999999993 0.05224479166666664
0 0.57470703125 0.33301041666666664 0.039949218749999994 0.051677083333333346
0 0.61083984375 0.3318697916666667 0.037687500000000006 0.050984375000000054
0 0.51513671875 0.2864583333333333 0.04000781250000003 0.05509374999999998
0 0.58251953125 0.38509375 0.039124999999999945 0.05224479166666664
0 0.59814453125 0.43196875 0.038820312500000044 0.05224479166666664
2 0.44995312500000006 0.4479166666666667 0.04653906249999995 0.06347916666666673
0 0.55859375 0.4329427083333333 0.04312109374999995 0.051963541666666654
0 0.599609375 0.2849947916666667 0.03759765625 0.05098437500000002
0 0.6298828125 0.4303385416666667 0.034089843749999994 0.050046874999999956
0 0.51513671875 0.23763020833333334 0.038023437500000055 0.04996875000000003
0 0.501953125 0.20280208333333333 0.03628515624999995 0.05477083333333332
0 0.634765625 0.4781927083333333 0.03396484374999993 0.047203124999999936
0 0.64208984375 0.3294270833333333 0.03332421874999998 0.047854166666666725
0 0.61767578125 0.3824895833333333 0.03616406249999997 0.04911458333333331
0 0.6630859375 0.2866197916666666 0.031019531249999944 0.0431302083333333
0 0.6708984375 0.3294270833333333 0.03091406249999995 0.043864583333333346
0 0.662109375 0.466796875 0.03192187499999992 0.04573437499999997
0 0.6748046875 0.3756510416666667 0.031496093750000044 0.04545312499999999
0 0.60205078125 0.47949479166666664 0.03860546874999997 0.049192708333333356
0 0.62060546875 0.23828125 0.03488281250000007 0.04606250000000003
0 0.53466796875 0.17952604166666666 0.037687500000000006 0.04496354166666669
0 0.5869140625 0.233234375 0.03875781249999992 0.05025000000000001
0 0.6611328125 0.4215520833333333 0.03241015624999992 0.0475677083333333
0 0.6337890625 0.2836927083333334 0.034605468750000055 0.04931770833333336
0 0.54931640625 0.22330729166666666 0.03955078125 0.05444270833333332
0 0.650390625 0.24560416666666668 0.03143359374999992 0.042645833333333334
0 0.5712890625 0.18684895833333334 0.038820312500000044 0.046510416666666644
0 0.47265625 0.14371875 0.03527734374999998 0.043458333333333314
0 0.607421875 0.19938020833333334 0.036222656250000006 0.04418750000000002
0 0.64013671875 0.20752083333333332 0.03301953125000008 0.04121874999999999
0 0.51220703125 0.15088020833333332 0.03628515624999995 0.04014062500000001
0 0.47876171875000006 0.18066666666666667 0.03738281249999993 0.058473958333333326
0 0.55615234375 0.15250520833333334 0.03811718749999997 0.040973958333333324
0 0.6474609375 0.379234375 0.03430078124999998 0.04874479166666663
0 0.68603515625 0.4147135416666667 0.028214843750000006 0.042317708333333336
0 0.623046875 0.17057291666666666 0.03289843749999992 0.03812500000000003
0 0.68310546875 0.4957708333333333 0.03396484374999993 0.04075
0 0.494140625 0.10449479166666667 0.03283593749999998 0.041604166666666664
0 0.68603515625 0.4583333333333333 0.027480468749999966 0.042072916666666654
0 0.60595703125 0.14103125 0.03396484374999993 0.03820833333333334
0 0.5908203125 0.1605625 0.035734375000000006 0.04005729166666665
0 0.5068359375 0.12621875 0.03561328125000003 0.04005729166666668
0 0.541015625 0.12915104166666666 0.036222656250000006 0.043703125000000016
0 0.52734375 0.10115625 0.03402734375000005 0.035807291666666664
0 0.57421875 0.129640625 0.03500390625000005 0.03863541666666667
0 0.5615234375 0.10261979166666667 0.03192187499999992 0.03163541666666667
0 0.68603515625 0.5686875 0.022843750000000006 0.036843749999999884
0 0.59423828125 0.11531770833333334 0.030960937500000084 0.030802083333333327
0 0.68798828125 0.5322291666666666 0.023332031250000006 0.03692708333333332
0 0.58642578125 0.47103125 0.022675781250000072 0.038270833333333344
2 0.27270703125 0.31559375 0.10687109374999997 0.21760937499999997
2 0.42114453125000006 0.5338541666666666 0.020523437499999984 0.024578125000000027
2 0.2640625 0.503125 0.295703125 0.48385416666666664 0.31015625 0.4703125 0.310546875 0.465625 0.314453125 0.4666666666666667 0.318359375 0.46458333333333335 0.319921875 0.45364583333333336 0.316015625 0.44583333333333336 0.315234375 0.4395833333333333 0.309765625 0.4354166666666667 0.309375 0.43125 0.306640625 0.4276041666666667 0.296484375 0.42291666666666666 0.2828125 0.42239583333333336 0.2734375 0.43072916666666666 0.270703125 0.4552083333333333 0.26171875 0.47552083333333334 0.261328125 0.4901041666666667 0.2640625 0.503125
2 0.2796875 0.5442708333333334 0.282421875 0.5494791666666666 0.283203125 0.565625 0.2875 0.5755208333333334 0.287109375 0.590625 0.288671875 0.603125 0.291015625 0.6072916666666667 0.29453125 0.6046875 0.30625 0.5875 0.30625 0.5604166666666667 0.309375 0.5369791666666667 0.30234375 0.5119791666666667 0.290625 0.5171875 0.283203125 0.5255208333333333 0.278125 0.5333333333333333 0.2796875 0.5442708333333334
2 0.603515625 0.6182291666666667 0.606640625 0.6145833333333334 0.61796875 0.6098958333333333 0.626953125 0.6088541666666667 0.630859375 0.6114583333333333 0.63359375 0.6046875 0.643359375 0.6015625 0.646875 0.5953125 0.64296875 0.5927083333333333 0.6390625 0.5765625 0.633984375 0.575 0.626953125 0.5776041666666667 0.6203125 0.5697916666666667 0.612890625 0.5671875 0.609765625 0.5692708333333333 0.608984375 0.5770833333333333 0.598046875 0.6005208333333333 0.59921875 0.6140625 0.603515625 0.6182291666666667