0 0.58723046875 0.3978177083333333 0.05332812499999999 0.05397395833333339
0 0.56884765625 0.3336614583333333 0.04611328125000007 0.05224479166666664
0 0.63037109375 0.435546875 0.03533984374999992 0.04968229166666672
0 0.607421875 0.3307291666666667 0.03790234375000008 0.050901041666666674
0 0.5966796875 0.4388020833333333 0.039488281250000055 0.05139062500000004
0 0.6171875 0.38671875 0.038023437500000055 0.049479166666666664
0 0.6748046875 0.3805364583333333 0.031082031250000065 0.04520833333333331
0 0.66259765625 0.47103125 0.031082031250000065 0.04451562500000002
0 0.6396484375 0.333984375 0.03402734375000005 0.047770833333333346
0 0.66845703125 0.3346354166666667 0.031800781249999945 0.044270833333333336
0 0.5439453125 0.24658333333333332 0.04248046875 0.05944791666666666
0 0.66015625 0.42676041666666664 0.03253125000000008 0.0486666666666667
0 0.685546875 0.4195989583333333 0.029039062500000056 0.04305208333333337
0 0.66259765625 0.2924791666666666 0.032289062499999945 0.045572916666666664
0 0.50244140625 0.21142708333333332 0.039124999999999945 0.05981250000000002
0 0.58544921875 0.23828125 0.04037500000000005 0.05025000000000001
0 0.6005859375 0.283203125 0.03732421875000007 0.04903125000000002
0 0.61962890625 0.24397916666666666 0.035890625000000044 0.047036458333333364
0 0.64990234375 0.25097916666666664 0.03210546875000002 0.043052083333333345
0 0.47290234375000006 0.14990104166666668 0.035734375000000006 0.046755208333333326
0 0.6474609375 0.38379166666666664 0.03289843749999992 0.04858333333333332
0 0.48046875 0.18684895833333334 0.03811718749999997 0.0607083333333333
0 0.63330078125 0.28825 0.03494140624999993 0.04801562500000003
0 0.6064453125 0.20458854166666668 0.035890625000000044 0.043619791666666664
0 0.6396484375 0.21109895833333334 0.032960937500000044 0.039895833333333346
0 0.63330078125 0.4811197916666667 0.035890625000000044 0.046510416666666644
0 0.68701171875 0.501953125 0.027070312500000072 0.04044791666666671
0 0.623046875 0.17610937499999998 0.03234765624999998 0.039755208333333354
0 0.51318359375 0.1589375 0.037109375 0.045817708333333346
0 0.5556640625 0.1605625 0.03854296875000003 0.04435416666666665
0 0.5703125 0.19629166666666667 0.03927734375000007 0.055583333333333346
0 0.64013671875 0.5579427083333334 0.03143359374999992 0.03967187500000004
0 0.66357421875 0.5126979166666666 0.029585937499999916 0.04256250000000002
0 0.4931640625 0.11246874999999999 0.033140625000000055 0.047770833333333346
0 0.59033203125 0.16504166666666667 0.035066406249999994 0.041666666666666664
0 0.66259765625 0.609375 0.02791015624999993 0.03416145833333341
0 0.60595703125 0.14599479166666668 0.032472656250000044 0.038572916666666686
0 0.54052734375 0.13590625 0.036070312500000055 0.044026041666666654
0 0.52685546875 0.10775 0.03289843749999992 0.038572916666666665
0 0.5732421875 0.13525520833333332 0.03448437500000008 0.03960937499999999
0 0.66455078125 0.5833333333333334 0.027175781250000065 0.03428125000000008
0 0.68408203125 0.6051458333333334 0.023195312500000044 0.0347499999999999
0 0.65869140625 0.6363958333333334 0.026960937499999994 0.03363020833333342
0 0.59423828125 0.12011979166666667 0.030562499999999916 0.031354166666666676
0 0.56005859375 0.10807291666666667 0.032164062500000055 0.032005208333333326
0 0.626953125 0.6705729166666666 0.026765624999999994 0.03501562500000001
0 0.63525390625 0.5240885416666666 0.0322265625 0.04174999999999998
0 0.65087890625 0.6744791666666666 0.025375000000000016 0.03401562499999997
0 0.68603515625 0.461265625 0.026414062499999957 0.04020312500000003
0 0.6220703125 0.515625 0.026351562500000016 0.03857291666666664
0 0.68603515625 0.5716145833333334 0.022414062500000043 0.0347499999999999
0 0.68017578125 0.6282552083333334 0.021453125000000028 0.030984374999999887
0 0.6669921875 0.5498072916666668 0.027328125000000016 0.037213541666666634
0 0.64990234375 0.625328125 0.020417968749999994 0.03338541666666662
0 0.6181640625 0.4752604166666667 0.027632812499999916 0.0414427083333333
0 0.56298828125 0.7154947916666666 0.026613281250000044 0.03769791666666673
0 0.55615234375 0.29215625 0.03601171875000002 0.047645833333333346
0 0.62548828125 0.5517604166666668 0.020523437499999984 0.03540104166666656
0 0.60986328125 0.697265625 0.024277343750000034 0.02752604166666662
0 0.5478515625 0.7317708333333334 0.019761718750000056 0.0347499999999999
0 0.68798828125 0.5364583333333334 0.022507812499999957 0.03601041666666666
0 0.630859375 0.6940104166666666 0.024613281250000084 0.031046875000000067
0 0.55078125 0.7506510416666666 0.022324218750000034 0.031635416666666555
0 0.58837890625 0.7096354166666666 0.025757812500000022 0.029255208333333373
0 0.4931640625 0.7643229166666666 0.025710937500000065 0.031880208333333354
0 0.48950390625000006 0.703125 0.024429687499999984 0.04435416666666659
0 0.578125 0.4368489583333333 0.018050781250000016 0.03849479166666671
0 0.6318359375 0.7109375 0.024046874999999978 0.0264895833333334
0 0.6513671875 0.5888697916666668 0.019011718750000028 0.03176041666666667
0 0.64990234375 0.7044270833333334 0.017777343750000084 0.025734374999999924
0 0.60302734375 0.685546875 0.024277343750000034 0.0262447916666666
0 0.2783203125 0.33691666666666664 0.047148437500000015 0.047203124999999936
0 0.5380859375 0.7643229166666666 0.017777343750000084 0.021546874999999945
0 0.47876171875000006 0.775390625 0.020796874999999916 0.029723958333333418
0 0.57080078125 0.7486979166666666 0.022246093749999928 0.02801562499999998
0 0.53466796875 0.7545572916666666 0.016160156249999957 0.02435416666666678
0 0.62890625 0.7330729166666666 0.020339843750000065 0.0262447916666666
0 0.61083984375 0.7154947916666666 0.022718749999999944 0.025697916666666744
0 0.64404296875 0.7272135416666666 0.018050781250000016 0.026447916666666772
0 0.60986328125 0.732421875 0.020890625000000006 0.025656250000000113
0 0.61181640625 0.748046875 0.01847656250000007 0.027223958333333322
0 0.57568359375 0.7669270833333334 0.020644531249999966 0.020802083333333363
0 0.591796875 0.7565104166666666 0.021621093749999966 0.023171874999999887
0 0.6279296875 0.7473958333333334 0.019761718750000056 0.020723958333333313
0 0.27173046875 0.38671875 0.03594921874999999 0.05549999999999997
0 0.5419921875 0.02947916666666667 0.021742187499999944 0.022380208333333335
2 0.352734375 0.2989583333333333 0.351953125 0.3046875 0.345703125 0.3140625 0.34921875 0.3411458333333333 0.3578125 0.384375 0.37265625 0.43854166666666666 0.376171875 0.440625 0.384765625 0.440625 0.390234375 0.4359375 0.396484375 0.4348958333333333 0.4203125 0.42083333333333334 0.447265625 0.409375 0.443359375 0.384375 0.441015625 0.378125 0.4390625 0.353125 0.43515625 0.3385416666666667 0.4296875 0.32864583333333336 0.4171875 0.2838541666666667 0.4140625 0.26510416666666664 0.409765625 0.2520833333333333 0.408984375 0.2421875 0.41015625 0.23958333333333334 0.405078125 0.2328125 0.4 0.2171875 0.394921875 0.21614583333333334 0.379296875 0.22395833333333334 0.355859375 0.24322916666666666 0.353515625 0.2546875 0.355859375 0.2625 0.348828125 0.27708333333333335 0.34921875 0.28541666666666665 0.352734375 0.2989583333333333
2 0.50987890625 0.5833072916666667 0.20906249999999993 0.14764062499999994
2 0.55692578125 0.6235677083333333 0.24664843750000004 0.06340624999999989
2 0.285515625 0.2578020833333333 0.06623046874999998 0.0865
2 0.28665625 0.403984375 0.07430078125000002 0.19029687500000006
2 0.34375 0.7390625 0.3609375 0.759375 0.367578125 0.7609375 0.373046875 0.7598958333333333 0.383984375 0.7479166666666667 0.388671875 0.7359375 0.390234375 0.7244791666666667 0.38828125 0.71875 0.376171875 0.7088541666666667 0.370703125 0.7125 0.3640625 0.7104166666666667 0.354817578125 0.715625 0.350390625 0.715625 0.34296875 0.7276041666666667 0.34140625 0.7333333333333333 0.34375 0.7390625
2 0.48799609374999997 0.7525520833333333 0.1381953124999999 0.07079687499999991
2 0.414453125 0.5130208333333334 0.431640625 0.5520833333333334 0.439453125 0.5583333333333333 0.44296875 0.5546875 0.465234375 0.5432291666666667 0.468359375 0.54375 0.47109375 0.5494791666666666 0.474609375 0.5494791666666666 0.4828125 0.5463541666666667 0.487109375 0.5411458333333333 0.496484375 0.5369791666666667 0.501171875 0.5390625 0.505078125 0.5375 0.51015625 0.5390625 0.517578125 0.5354166666666667 0.52734375 0.5348958333333333 0.533203125 0.5380208333333333 0.558203125 0.5223958333333333 0.56953125 0.5177083333333333 0.577734375 0.5057291666666667 0.580078125 0.4979166666666667 0.5765625 0.4942708333333333 0.563671875 0.4921875 0.533203125 0.5026041666666666 0.5296875 0.5005208333333333 0.5265625 0.49270833333333336 0.526953125 0.4817708333333333 0.521875 0.46979166666666666 0.525 0.4625 0.52109375 0.46041666666666664 0.519140625 0.45260416666666664 0.52265625 0.45 0.523046875 0.446875 0.519921875 0.446875 0.51875 0.44947916666666665 0.5125 0.44635416666666666 0.509765625 0.44166666666666665 0.505859375 0.440625 0.4921875 0.4427083333333333 0.478515625 0.45 0.46640625 0.4484375 0.451171875 0.45677083333333335 0.4234375 0.4765625 0.409765625 0.49270833333333336 0.409375 0.4984375 0.414453125 0.5130208333333334