2 0.3685277079799829 0.3615029747012249 0.20172237127576445 0.4162545558236516
0 0.3705078125 0.5052083333333334 0.050390625 0.07708333333333334
0 0.5333984375 0.3302083333333333 0.043359375 0.05625
0 0.5202166278624498 0.2851988374955373 0.04037707609038339 0.06444458773401157
0 0.522317814434325 0.2417027507480288 0.045715231380226304 0.06528623353682063
0 0.5041015625 0.20364583333333333 0.040234375 0.057291666666666664
0 0.4732421875 0.13932291666666666 0.036328125 0.04010416666666667
0 0.493359375 0.10416666666666667 0.0328125 0.040625
0 0.52783203125 0.10245768229166667 0.03460693359375 0.039225260416666664
0 0.58642578125 0.23600260416666666 0.040985107421875 0.054443359375
0 0.57373046875 0.3336588541666667 0.039794921875 0.052571614583333336
0 0.56103515625 0.2825520833333333 0.0416259765625 0.0538330078125
0 0.60986328125 0.3323567708333333 0.0384521484375 0.051961263020833336
0 0.53466796875 0.18212890625 0.038330078125 0.050537109375
0 0.54931640625 0.22444661458333334 0.039794921875 0.056315104166666664
0 0.5126953125 0.15120442708333334 0.035614013671875 0.04144287109375
0 0.57177734375 0.18815104166666666 0.0391845703125 0.0491943359375
0 0.599609375 0.28564453125 0.0386962890625 0.052734375
0 0.5615234375 0.10319010416666667 0.03314208984375 0.03369140625
0 0.477294921875 0.17643229166666666 0.035736083984375 0.0533447265625
0 0.59423828125 0.11572265625 0.03216552734375 0.031290690104166664
0 0.5791015625 0.3850911458333333 0.04400634765625 0.053955078125
0 0.63330078125 0.2833658854166667 0.035003662109375 0.049397786458333336
0 0.5068359375 0.12646484375 0.03582763671875 0.040445963541666664
0 0.6201171875 0.23893229166666666 0.03533935546875 0.0482177734375
0 0.623046875 0.17106119791666666 0.03424072265625 0.038065592447916664
0 0.54052734375 0.13004557291666666 0.03607177734375 0.04443359375
0 0.6416015625 0.3294270833333333 0.033782958984375 0.047932942708333336
0 0.64892578125 0.24544270833333334 0.0313720703125 0.043538411458333336
0 0.6171875 0.3824869791666667 0.0374755859375 0.050252278645833336
0 0.60546875 0.14249674479166666 0.03424072265625 0.038126627604166664
0 0.60693359375 0.2001953125 0.0364990234375 0.044352213541666664
0 0.59619140625 0.4313151041666667 0.04168701171875 0.053466796875
0 0.66259765625 0.2859700520833333 0.03125 0.042643229166666664
0 0.62939453125 0.4293619791666667 0.034698486328125 0.0496826171875
0 0.55615234375 0.153564453125 0.038543701171875 0.040974934895833336
0 0.6611328125 0.4222005208333333 0.03326416015625 0.0491943359375
0 0.57421875 0.13004557291666666 0.03515625 0.03826904296875
0 0.6474609375 0.3785807291666667 0.03448486328125 0.048095703125
0 0.6708984375 0.3297526041666667 0.03204345703125 0.044270833333333336
0 0.6748046875 0.3753255208333333 0.03265380859375 0.0450439453125
0 0.58935546875 0.15974934895833334 0.03448486328125 0.039164225260416664
0 0.638671875 0.20719401041666666 0.03143310546875 0.04058837890625
0 0.6845703125 0.4147135416666667 0.0300445556640625 0.043050130208333336
0 0.59912109375 0.4762369791666667 0.042877197265625 0.044881184895833336
0 0.634765625 0.4720052083333333 0.033782958984375 0.0345458984375
0 0.357666015625 0.2986653645833333 0.03759765625 0.06254069010416667
0 0.66064453125 0.4606119791666667 0.0330810546875 0.03350830078125
0 0.316162109375 0.2819010416666667 0.035064697265625 0.0504150390625
0 0.6845703125 0.4505208333333333 0.0269622802734375 0.0289306640625
0 0.3310546875 0.3264973958333333 0.0537109375 0.054443359375
0 0.349365234375 0.2511393229166667 0.029815673828125 0.0484619140625
0 0.5791015625 0.4274088541666667 0.0207672119140625 0.039082845052083336
0 0.58447265625 0.4694010416666667 0.0194549560546875 0.036580403645833336
0 0.65966796875 0.6354166666666666 0.0232391357421875 0.035542805989583336
0 0.57861328125 0.5016276041666666 0.024566650390625 0.012990315755208334
0 0.6787109375 0.623046875 0.0220794677734375 0.031941731770833336
2 0.2493896484375 0.4111328125 0.1396484375 0.4215494791666667
0 0.822265625 0.4840494791666667 0.0197906494140625 0.031697591145833336
2 0.43310546875 0.806640625 0.09320068359375 0.07637532552083333