0 0.5628515625 0.4549739583333333 0.049765625000000036 0.061453125000000004
0 0.556640625 0.580078125 0.03891015625000005 0.06310937500000004
0 0.595703125 0.431640625 0.041078124999999945 0.05529687500000004
0 0.5791015625 0.3860677083333333 0.043031249999999945 0.05497395833333331
0 0.66015625 0.4664739583333333 0.034242187499999945 0.048463541666666644
0 0.60986328125 0.3325208333333334 0.03845312500000002 0.051760416666666725
0 0.59716796875 0.574546875 0.036222656250000006 0.045572916666666664
0 0.6396484375 0.5540364583333334 0.03091406249999995 0.04402604166666671
0 0.6171875 0.3824895833333333 0.037687500000000006 0.049598958333333346
0 0.62939453125 0.430015625 0.03500390625000005 0.05053645833333332
0 0.56396484375 0.5071614583333334 0.040617187500000006 0.05159374999999997
0 0.53271484375 0.3302395833333333 0.042570312500000006 0.05477083333333337
0 0.501953125 0.203125 0.037199218750000006 0.05415625000000001
0 0.67529296875 0.375328125 0.03173828125 0.044270833333333336
0 0.6015625 0.480796875 0.03845312500000002 0.050901041666666674
0 0.66015625 0.422203125 0.033203125 0.04931770833333336
0 0.57373046875 0.3336614583333333 0.03955078125 0.052083333333333336
0 0.63427734375 0.478515625 0.03402734375000005 0.04801562500000003
0 0.5615234375 0.2836927083333334 0.04113671874999998 0.055380208333333326
0 0.58984375 0.5341822916666668 0.036558593750000055 0.049598958333333346
0 0.64697265625 0.37890625 0.03396484374999993 0.047854166666666725
0 0.6708984375 0.3294270833333333 0.03143359374999992 0.04378124999999997
0 0.60009765625 0.2853177083333333 0.03869531249999998 0.052734375
0 0.68505859375 0.414390625 0.029417968749999978 0.042072916666666654
0 0.6416015625 0.3287760416666667 0.033781250000000006 0.047645833333333346
0 0.64111328125 0.58984375 0.027632812499999916 0.03735416666666656
0 0.66259765625 0.286296875 0.030441406249999935 0.04321354166666668
0 0.62255859375 0.51953125 0.037199218750000006 0.04874479166666668
0 0.5859375 0.23648958333333334 0.040464843750000055 0.05550000000000003
0 0.63330078125 0.2833645833333333 0.03549218750000005 0.049598958333333346
0 0.58740234375 0.6119791666666666 0.03234765624999998 0.042317708333333336
0 0.51513671875 0.28825 0.04067968749999995 0.05761979166666669
0 0.47216796875 0.14273958333333334 0.034242187499999945 0.04152604166666667
0 0.64892578125 0.24642187499999998 0.03143359374999992 0.045041666666666674
0 0.53515625 0.18278125 0.03845312500000002 0.05139062499999998
0 0.6845703125 0.4583333333333333 0.028550781250000056 0.04378124999999997
0 0.5146484375 0.23779166666666668 0.03811718749999997 0.04996874999999997
0 0.47705078125 0.17806249999999998 0.03616406249999997 0.05761979166666666
0 0.6396484375 0.6422552083333334 0.02670312500000005 0.035890624999999926
0 0.55615234375 0.15486458333333333 0.03875781249999992 0.0424791666666667
0 0.623046875 0.17057291666666666 0.03482031249999995 0.037984375000000035
0 0.6201171875 0.23926041666666667 0.035554687499999994 0.048947916666666674
0 0.49365234375 0.10522395833333334 0.03308203125000002 0.043458333333333335
0 0.57177734375 0.18847916666666667 0.039124999999999945 0.050130208333333336
0 0.60693359375 0.20068229166666668 0.03634765625000007 0.04536979166666667
0 0.60498046875 0.14273958333333334 0.03454687500000002 0.03877604166666668
0 0.64501953125 0.6946614583333334 0.025999999999999978 0.04247916666666664
0 0.58935546875 0.662109375 0.028105468749999928 0.03448437500000002
0 0.63916015625 0.20719270833333334 0.03204296875000008 0.04075
0 0.60546875 0.6764322916666666 0.026062499999999923 0.03338541666666662
0 0.615234375 0.5911458333333334 0.02970703125000007 0.03871875000000007
0 0.68603515625 0.496421875 0.029542968750000044 0.040140624999999965
0 0.51318359375 0.15169270833333334 0.035890625000000044 0.04174999999999998
0 0.65869140625 0.53353125 0.03259375000000002 0.0470364583333333
0 0.548828125 0.22428645833333333 0.039124999999999945 0.05603125000000002
0 0.6650390625 0.580078125 0.026199218750000065 0.036354166666666764
0 0.52734375 0.10205208333333333 0.034242187499999945 0.03849479166666665
0 0.5068359375 0.12646354166666668 0.03448437500000008 0.039671874999999995
0 0.6279296875 0.712890625 0.020796874999999916 0.03466666666666664
0 0.64794921875 0.6595052083333334 0.022414062500000043 0.02805729166666661
0 0.54248046875 0.71875 0.02580078125000007 0.029031249999999887
0 0.5908203125 0.161296875 0.03567578124999997 0.04144270833333336
0 0.54052734375 0.12988541666666667 0.03582812499999992 0.04410937500000001
0 0.6162109375 0.6243489583333334 0.028976562499999935 0.0342187499999999
0 0.583984375 0.6979166666666666 0.02433593750000007 0.03288020833333339
0 0.5361328125 0.6686197916666666 0.025863281250000016 0.03236979166666672
0 0.5888671875 0.6380208333333334 0.028105468749999928 0.035072916666666745
0 0.5615234375 0.103921875 0.03308203125000002 0.03428125
0 0.6640625 0.607421875 0.024933593749999972 0.032755208333333265
0 0.59423828125 0.11572395833333333 0.031496093750000044 0.03076041666666667
0 0.62841796875 0.6666666666666666 0.025222656250000065 0.029661458333333238
0 0.5634765625 0.7024739583333334 0.021242187500000044 0.026692708333333332
0 0.67919921875 0.623375 0.024660156250000044 0.033322916666666674
0 0.685546875 0.5680364583333334 0.02253906249999993 0.035072916666666745
0 0.68310546875 0.5989583333333334 0.022246093749999928 0.034932291666666754
0 0.57421875 0.13053645833333333 0.03527734374999998 0.03806770833333335
0 0.61572265625 0.65071875 0.02726562500000007 0.03212499999999992
0 0.56298828125 0.7174479166666666 0.020492187500000016 0.028218749999999914
0 0.52978515625 0.75 0.022718749999999944 0.027322916666666686
0 0.66845703125 0.6468125 0.018906250000000034 0.027588541666666563
0 0.54931640625 0.74609375 0.022886718750000055 0.0284427083333334
0 0.68798828125 0.5322291666666666 0.024429687499999984 0.03721354166666669
0 0.65869140625 0.6337916666666668 0.02017187499999995 0.02982812499999999
0 0.58056640625 0.42578125 0.021910156250000055 0.03649999999999996
0 0.61279296875 0.6959635416666666 0.021242187500000044 0.031229166666666686
0 0.591796875 0.5143229166666666 0.024613281250000084 0.028989583333333378
0 0.53857421875 0.689453125 0.027374999999999972 0.033119791666666745
0 0.58544921875 0.5677083333333334 0.020292968749999928 0.03005208333333324
0 0.5673828125 0.73046875 0.019636718749999994 0.02186979166666655
0 0.5693359375 0.74609375 0.016281249999999935 0.016447916666666628
2 0.353125 0.615625 0.360546875 0.63125 0.3640625 0.6359375 0.371875 0.6411458333333333 0.378515625 0.6541666666666667 0.379296875 0.6588541666666666 0.38984375 0.6598958333333333 0.392578125 0.6708333333333333 0.41015625 0.6677083333333333 0.4234375 0.671875 0.463671875 0.6703125 0.469921875 0.665625 0.474609375 0.6661458333333333 0.4796875 0.6541666666666667 0.47890625 0.65 0.48046875 0.6473958333333333 0.4828125 0.6182291666666667 0.47421875 0.5864583333333333 0.455078125 0.5833333333333334 0.443359375 0.5859375 0.437109375 0.5890625 0.434375 0.5984375 0.432421875 0.5984375 0.4234375 0.5942708333333333 0.419921875 0.5864583333333333 0.37578125 0.5828125 0.365234375 0.5890625 0.354296875 0.6010416666666667 0.351953125 0.6067708333333334 0.353125 0.615625
2 0.36683515624999996 0.6874515625 0.37503828125 0.6983890625 0.38324140624999997 0.7025557291666666 0.38871015625 0.7072432291666666 0.39066328125 0.7114098958333333 0.39378828125 0.7124515625 0.40160078125 0.7103682291666666 0.40667890624999997 0.6989098958333333 0.41292890625 0.6947432291666666 0.41410078125 0.6905765625 0.42269453125 0.6989098958333333 0.42074140625 0.7035973958333333 0.42777265625 0.7119307291666667 0.42972578125 0.7171390624999999 0.43363203125 0.7166182291666666 0.43558515625 0.7108890625 0.442403515625 0.73150625 0.44964765624999997 0.7124515625 0.44886640624999996 0.7145348958333333 0.45121015625 0.7187015625 0.46136640624999997 0.7192223958333333 0.46488203125 0.7171390624999999 0.47113203124999997 0.7077640625 0.48050703125 0.7077640625 0.48519453125 0.7056807291666666 0.49222578125 0.7093265624999999 0.49808515625 0.7067223958333333 0.5058976562499999 0.6994307291666666 0.50433515625 0.6676598958333333 0.49535078125 0.6556807291666666 0.48831953125 0.6556807291666666 0.48285078124999997 0.6634932291666666 0.48089765624999997 0.6723473958333333 0.47542890625 0.6744307291666666 0.47152265625 0.6728682291666667 0.46761640625 0.6676598958333333 0.46488203125 0.6582848958333333 0.45667890624999996 0.6666182291666666 0.44964765624999997 0.6676598958333333 0.44105390624999996 0.6723473958333333 0.43519453124999996 0.6702640624999999 0.43402265624999997 0.6660973958333333 0.42972578125 0.6634932291666666 0.40902265625 0.6640140625 0.38597578125 0.6614098958333333 0.38246015624999996 0.6624515624999999 0.37855390624999996 0.6687015625 0.37542890624999997 0.6666182291666666 0.37074140624999996 0.6588057291666666 0.36644453125 0.6624515624999999 0.35941328125 0.6645348958333333 0.35902265624999996 0.6728682291666667 0.36683515624999996 0.6874515625
2 0.291015625 0.3609375 0.29140625 0.3807291666666667 0.294921875 0.4046875 0.31015625 0.47760416666666666 0.31640625 0.4864583333333333 0.31796875 0.5026041666666666 0.3359375 0.5682291666666667 0.34375 0.5807291666666666 0.346484375 0.5875 0.345703125 0.5916666666666667 0.35 0.5947916666666667 0.35390625 0.5932291666666667 0.35859375 0.5859375 0.383203125 0.5796875 0.38359375 0.5744791666666667 0.388671875 0.5682291666666667 0.390234375 0.5609375 0.393359375 0.55625 0.393359375 0.5505208333333333 0.409765625 0.5442708333333334 0.412109375 0.5473958333333333 0.41484375 0.5604166666666667 0.4203125 0.5729166666666666 0.422265625 0.5869791666666667 0.42734375 0.5942708333333333 0.431640625 0.5942708333333333 0.44453125 0.5755208333333334 0.441796875 0.5640625 0.44921875 0.5447916666666667 0.449609375 0.5328125 0.439453125 0.4822916666666667 0.43671875 0.475 0.4359375 0.46145833333333336 0.432421875 0.45 0.430078125 0.42916666666666664 0.43359375 0.4119791666666667 0.4328125 0.3932291666666667 0.428125 0.3796875 0.4234375 0.37552083333333336 0.41875 0.359375 0.4140625 0.315625 0.405859375 0.2682291666666667 0.403125 0.22864583333333333 0.401171875 0.21770833333333334 0.3921875 0.19635416666666666 0.391796875 0.17708333333333334 0.390625 0.175 0.391796875 0.16979166666666667 0.388671875 0.16197916666666667 0.380078125 0.14635416666666667 0.3734375 0.14739583333333334 0.3677734375 0.14296875 0.365234375 0.13854166666666667 0.36015625 0.14166666666666666 0.355208203125 0.14166666666666666 0.34921875 0.13802083333333334 0.344921875 0.13802083333333334 0.34296875 0.14375 0.34375 0.14895833333333333 0.341015625 0.15364583333333334 0.34140625 0.16197916666666667 0.31328125 0.16979166666666667 0.31015625 0.16822916666666668 0.29453125 0.18125 0.293359375 0.19947916666666668 0.291015625 0.20833333333333334 0.293359375 0.22864583333333333 0.292578125 0.23229166666666667 0.28671875 0.24010416666666667 0.28515625 0.25 0.287890625 0.34270833333333334 0.291015625 0.3609375
0 0.34453125 0.5239583333333333 0.350390625 0.5276041666666667 0.36171875 0.5291666666666667 0.369921875 0.5239583333333333 0.38515625 0.5041666666666667 0.38984375 0.4901041666666667 0.389453125 0.4822916666666667 0.386328125 0.4703125 0.3828125 0.46510416666666665 0.375390625 0.4609375 0.36796875 0.46145833333333336 0.34375 0.4796875 0.338671875 0.4901041666666667 0.3375 0.4973958333333333 0.338671875 0.5135416666666667 0.34453125 0.5239583333333333
0 0.35390625 0.5744791666666667 0.3609375 0.5807291666666666 0.376953125 0.5807291666666666 0.38203125 0.5770833333333333 0.398046875 0.5473958333333333 0.399609375 0.5385416666666667 0.398828125 0.5213541666666667 0.384375 0.5140625 0.377734375 0.5145833333333333 0.368359375 0.5255208333333333 0.359375 0.5302083333333333 0.352734375 0.5390625 0.350390625 0.546875 0.35 0.55625 0.35390625 0.5744791666666667