0 0.3687109375 0.30675520833333336 0.04524609374999997 0.056541666666666636
0 0.5620859375 0.43802604166666664 0.053644531249999974 0.056750000000000016
0 0.54984375 0.39079687500000004 0.048046875 0.05562499999999997
2 0.37496484375000005 0.27609375 0.16953906250000003 0.3104739583333333
0 0.5966796875 0.4313177083333333 0.03747656250000002 0.050130208333333336
0 0.60009765625 0.4778645833333333 0.037535156250000055 0.047854166666666725
0 0.58251953125 0.3854166666666667 0.038972656249999994 0.052369791666666644
0 0.35571484375 0.258140625 0.04217578125000001 0.057088541666666645
0 0.6298828125 0.430015625 0.03567578124999997 0.04711979166666668
0 0.6171875 0.3811875 0.03634765625000007 0.04996875000000003
0 0.57373046875 0.332359375 0.040773437500000044 0.0525729166666667
0 0.63427734375 0.4781927083333333 0.03402734375000005 0.04642708333333338
0 0.60986328125 0.33203125 0.038332031250000044 0.0525729166666667
0 0.56103515625 0.283203125 0.04177734374999993 0.054036458333333336
0 0.66162109375 0.46582291666666664 0.030503906250000056 0.04463541666666669
0 0.6591796875 0.421875 0.031144531250000006 0.045572916666666664
0 0.39013671875 0.227375 0.042878906249999994 0.05509374999999998
0 0.59814453125 0.2856458333333334 0.0390625 0.052369791666666644
0 0.67431640625 0.37597916666666664 0.032472656250000044 0.046140624999999956
0 0.34765625 0.22428645833333333 0.04428124999999996 0.04858333333333332
0 0.6845703125 0.416015625 0.03143359374999992 0.04160416666666673
0 0.64697265625 0.3782552083333333 0.03173828125 0.04573437499999997
0 0.6328125 0.283203125 0.03628515624999995 0.04903125000000002
0 0.64111328125 0.3299166666666667 0.03500390625000005 0.04968229166666672
0 0.66259765625 0.2874375 0.03308203125000002 0.04471874999999998
0 0.58544921875 0.233234375 0.037687500000000006 0.04874479166666668
0 0.6689453125 0.3297552083333333 0.031144531250000006 0.04488020833333337
0 0.650390625 0.24560416666666668 0.032289062499999945 0.043296875
0 0.68701171875 0.4954427083333333 0.027113281249999944 0.040281249999999956
0 0.3818359375 0.19124479166666666 0.04037500000000001 0.04642708333333333
0 0.5146484375 0.23779166666666668 0.04113671874999998 0.051109375
0 0.62060546875 0.23926041666666667 0.03594921875000008 0.04695833333333332
0 0.638671875 0.205890625 0.03173828125 0.03820833333333334
0 0.6865234375 0.4586614583333333 0.028335937499999984 0.043296874999999936
0 0.50390625 0.20215104166666667 0.04098437500000003 0.05444270833333332
0 0.54833984375 0.22168229166666667 0.039640625000000006 0.050901041666666674
0 0.57177734375 0.18587499999999998 0.03726171874999995 0.0431302083333333
0 0.6083984375 0.20052083333333334 0.034757812500000006 0.04135937499999998
0 0.53515625 0.18017708333333332 0.03942968750000002 0.045817708333333346
0 0.638671875 0.5849635416666668 0.032777343749999945 0.04135937499999993
0 0.6650390625 0.54525 0.028703125000000006 0.04223437500000002
0 0.60009765625 0.6575520833333334 0.033265624999999945 0.045901041666666725
0 0.55517578125 0.15332291666666667 0.03698828125000002 0.037984375000000035
0 0.47339062500000006 0.1442864583333333 0.03869531249999998 0.04378124999999999
0 0.630859375 0.543296875 0.035554687499999994 0.04858333333333338
0 0.68701171875 0.5328802083333334 0.024046874999999978 0.03664062500000001
0 0.623046875 0.17090104166666667 0.031019531249999944 0.035484375
0 0.51318359375 0.14859895833333334 0.03891015625000005 0.040973958333333324
0 0.5908203125 0.16096875 0.03430078124999998 0.038270833333333344
0 0.685546875 0.5699895833333334 0.024046874999999978 0.03761979166666667
0 0.66552734375 0.582359375 0.028062500000000056 0.043619791666666664
0 0.6123046875 0.64453125 0.03204296875000008 0.045572916666666664
0 0.60595703125 0.14078645833333334 0.0322265625 0.036989583333333326
0 0.52685546875 0.09952604166666666 0.03143359374999992 0.03474999999999998
0 0.640625 0.6396510416666668 0.032472656250000044 0.041994791666666725
0 0.541015625 0.12443229166666667 0.03500390625000005 0.036354166666666674
0 0.57470703125 0.130046875 0.03301953125000008 0.035744791666666664
0 0.47973828125000006 0.18489583333333334 0.03774999999999995 0.05383333333333334
0 0.49267578125 0.106203125 0.03436328124999992 0.04378125
0 0.59423828125 0.11466666666666667 0.030792968749999972 0.03104687500000001
0 0.65576171875 0.5260416666666666 0.03143359374999992 0.039833333333333346
0 0.66064453125 0.6360677083333334 0.024519531249999994 0.03871875000000007
0 0.560546875 0.10278125 0.03185937499999998 0.032510416666666674
0 0.640625 0.6197916666666666 0.028871093749999945 0.03401562499999997
0 0.68310546875 0.5983072916666666 0.024140625000000072 0.03834895833333339
0 0.5048828125 0.12313020833333334 0.03384374999999995 0.03434375
0 0.6806640625 0.6240260416666668 0.023332031250000006 0.03176041666666667
0 0.58447265625 0.705078125 0.027070312500000072 0.037416666666666744
0 0.62744140625 0.666015625 0.02546874999999993 0.029947916666666668
0 0.48462109375000006 0.6354166666666666 0.03628515624999995 0.049031249999999936
0 0.6455078125 0.693359375 0.024933593749999972 0.04044791666666659
0 0.60498046875 0.6927083333333334 0.025421874999999972 0.030703124999999904
0 0.5234375 0.72265625 0.022843750000000006 0.03135416666666657
0 0.60693359375 0.7083333333333334 0.023726562499999916 0.03001041666666661
0 0.373046875 0.671875 0.02801562500000001 0.03540104166666656
0 0.544921875 0.7220052083333334 0.023468749999999972 0.03206249999999997
0 0.626953125 0.6985677083333334 0.024183593749999944 0.03623437500000008
0 0.56689453125 0.7180989583333334 0.024230468750000077 0.035276041666666674
0 0.67822265625 0.5166041666666666 0.032289062499999945 0.03344791666666668
0 0.54931640625 0.7486979166666666 0.024277343750000034 0.03533854166666662
0 0.384765625 0.6315104166666666 0.030792968749999972 0.03533854166666662
0 0.36450390625 0.6455104166666668 0.03372265624999997 0.040749999999999884
0 0.494140625 0.7161458333333334 0.02351562499999993 0.031473958333333246
0 0.3564453125 0.6103541666666668 0.030625000000000034 0.03678645833333339
0 0.3466796875 0.650390625 0.02810546875000002 0.03448437500000002
0 0.646484375 0.7278645833333334 0.02310156249999995 0.03110937500000001
0 0.609375 0.7350260416666666 0.022078124999999994 0.0428072916666667
0 0.46923828125 0.7298177083333334 0.032164062500000055 0.04658854166666657
0 0.52685546875 0.7493489583333334 0.021773437499999916 0.03263541666666659
2 0.28637890625 0.2635104166666667 0.07104687499999995 0.12231250000000002
0 0.62939453125 0.7259114583333334 0.023070312499999978 0.02982812499999999
0 0.57177734375 0.7486979166666666 0.028550781250000056 0.040749999999999884
0 0.4384765625 0.12491666666666666 0.02377343750000005 0.02510416666666666
0 0.58935546875 0.7493489583333334 0.025621093750000056 0.03407812499999992
0 0.5810546875 0.566734375 0.048585937500000044 0.07540104166666665
2 0.3375 0.6671875 0.345703125 0.6697916666666667 0.35625 0.6651041666666667 0.35859375 0.6666666666666666 0.36015625 0.6796875 0.365625 0.6880208333333333 0.373046875 0.6932291666666667 0.37265625 0.696875 0.378515625 0.6963541666666667 0.383984375 0.6927083333333334 0.391796875 0.7010416666666667 0.396484375 0.6984375 0.397265625 0.6890625 0.3921875 0.6875 0.390234375 0.6822916666666666 0.39453125 0.65625 0.4015625 0.6411458333333333 0.4078125 0.61875 0.41484375 0.6067708333333334 0.41953125 0.5932291666666667 0.419921875 0.5854166666666667 0.425 0.5671875 0.433203125 0.5484375 0.433984375 0.5364583333333334 0.437109375 0.5265625 0.442578125 0.5177083333333333 0.446875 0.5041666666666667 0.45 0.4895833333333333 0.446484375 0.4796875 0.443359375 0.4765625 0.434765625 0.4786458333333333 0.413671875 0.46197916666666666 0.40625 0.4583333333333333 0.400390625 0.45625 0.391796875 0.4583333333333333 0.366015625 0.509375 0.362109375 0.5286458333333334 0.3453125 0.5526041666666667 0.343359375 0.5703125 0.344140625 0.5854166666666667 0.340625 0.5973958333333333 0.33671875 0.6291666666666667 0.33203125 0.6442708333333333 0.33125 0.6541666666666667 0.3375 0.6671875
2 0.43984375 0.6151041666666667 0.448828125 0.6338541666666667 0.453515625 0.6536458333333334 0.443359375 0.6557291666666667 0.441796875 0.6583333333333333 0.451171875 0.6755208333333333 0.4546875 0.678125 0.470703125 0.678125 0.47734375 0.6713541666666667 0.482421875 0.6708333333333333 0.487109375 0.6677083333333333 0.493359375 0.6697916666666667 0.498046875 0.6739583333333333 0.50078125 0.6661458333333333 0.503515625 0.6645833333333333 0.505859375 0.6645833333333333 0.509375 0.6703125 0.51640625 0.6708333333333333 0.53203125 0.6645833333333333 0.5390625 0.6661458333333333 0.552734375 0.6588541666666666 0.55234375 0.6489583333333333 0.5546875 0.646875 0.559765625 0.6442708333333333 0.564453125 0.6463541666666667 0.56875 0.6432291666666666 0.57734375 0.6427083333333333 0.58125 0.6401041666666667 0.577734375 0.6244791666666667 0.577734375 0.60625 0.5796875 0.6020833333333333 0.596875 0.5921875 0.603515625 0.5838541666666667 0.605078125 0.5635416666666667 0.602734375 0.5458333333333333 0.596484375 0.5291666666666667 0.5875 0.528125 0.58515625 0.5291666666666667 0.580078125 0.5369791666666667 0.560546875 0.5369791666666667 0.537890625 0.5494791666666666 0.52109375 0.55625 0.517578125 0.5651041666666666 0.51328125 0.5630208333333333 0.505859375 0.5692708333333333 0.498046875 0.56875 0.4734375 0.5854166666666667 0.444140625 0.5958333333333333 0.44375 0.6057291666666667 0.43984375 0.6151041666666667
2 0.262109375 0.45625 0.257421875 0.4901041666666667 0.255078125 0.4973958333333333 0.255859375 0.5057291666666667 0.259765625 0.5078125 0.28359375 0.48854166666666665 0.296484375 0.4822916666666667 0.312890625 0.46927083333333336 0.31953125 0.4666666666666667 0.322265625 0.4630208333333333 0.341796875 0.4546875 0.34609375 0.4354166666666667 0.345703125 0.415625 0.33671875 0.3885416666666667 0.326171875 0.3729166666666667 0.314453125 0.36354166666666665 0.30546875 0.3640625 0.296484375 0.37083333333333335 0.28671875 0.39375 0.2796875 0.403125 0.2671875 0.41041666666666665 0.26484375 0.4197916666666667 0.26953125 0.4234375 0.267578125 0.4317708333333333 0.265234375 0.4359375 0.259375 0.43697916666666664 0.25546875 0.4421875 0.25546875 0.4473958333333333 0.262109375 0.45625
2 0.212890625 0.4125 0.223046875 0.41458333333333336 0.23125 0.4265625 0.244140625 0.4354166666666667 0.260546875 0.4359375 0.264453125 0.4322916666666667 0.26484375 0.42135416666666664 0.26875 0.4166666666666667 0.27109375 0.4171875 0.273828125 0.409375 0.28984375 0.3921875 0.291015625 0.3854166666666667 0.295703125 0.3770833333333333 0.296484375 0.3723958333333333 0.298828125 0.3692708333333333 0.3109375 0.36302083333333335 0.318359375 0.3640625 0.319140625 0.3572916666666667 0.314453125 0.3390625 0.3125 0.33958333333333335 0.3109375 0.34375 0.305859375 0.3411458333333333 0.300390625 0.3453125 0.28671875 0.321875 0.27734375 0.3260416666666667 0.2734375 0.334375 0.2703125 0.33645833333333336 0.259375 0.3359375 0.25078125 0.3416666666666667 0.25234375 0.3453125 0.24375 0.35625 0.221484375 0.3614583333333333 0.21640625 0.3609375 0.209375 0.36822916666666666 0.208984375 0.37864583333333335 0.212890625 0.4125
0 0.500390625 0.6473958333333333 0.501171875 0.6546875 0.505078125 0.6604166666666667 0.513671875 0.6671875 0.521875 0.6677083333333333 0.525390625 0.665625 0.537890625 0.65 0.533203125 0.6270833333333333 0.5234375 0.609375 0.513671875 0.6098958333333333 0.505078125 0.60625 0.503125 0.6166666666666667 0.503125 0.6369791666666667 0.500390625 0.6473958333333333
0 0.52059375 0.2867135416666667 0.06245312500000004 0.06623958333333337
2 0.2875 0.5729166666666666 0.28828125 0.5760416666666667 0.29375 0.5796875 0.294921875 0.5895833333333333 0.28984375 0.5984375 0.289453125 0.6072916666666667 0.2953125 0.6151041666666667 0.2953125 0.61875 0.3046875 0.6307291666666667 0.30625 0.6364583333333333 0.309765625 0.6390625 0.3125 0.6385416666666667 0.3125 0.634375 0.32109375 0.6223958333333334 0.3265625 0.6072916666666667 0.33828125 0.559375 0.3375 0.5515625 0.342578125 0.5328125 0.3421875 0.5244791666666667 0.337890625 0.5161458333333333 0.326171875 0.5036458333333333 0.322265625 0.5010416666666667 0.31171875 0.503125 0.3015625 0.5135416666666667 0.302734375 0.5182291666666666 0.29609375 0.528125 0.289453125 0.55625 0.290234375 0.5609375 0.2875 0.5729166666666666