2 0.39609375 0.40188541666666666 0.221875 0.4964791666666667
0 0.3564453125 0.2981770833333333 0.034765625 0.059895833333333336
0 0.5333984375 0.3302083333333333 0.044140625 0.05625
0 0.515625 0.2887395833333333 0.04147265625000003 0.05892187499999997
0 0.57373046875 0.3336614583333333 0.03970312499999995 0.052854166666666674
0 0.56103515625 0.2836927083333334 0.04153515624999997 0.05570312500000003
0 0.60986328125 0.33284375 0.03845312500000002 0.051963541666666654
0 0.50244140625 0.2023125 0.03759765625 0.0551770833333333
0 0.31567578125 0.282390625 0.034882812499999985 0.050130208333333336
0 0.599609375 0.2858072916666667 0.038332031250000044 0.05314062499999998
0 0.59521484375 0.4313177083333333 0.04162499999999998 0.05415625000000001
0 0.6416015625 0.3289375 0.03372265624999997 0.047932291666666654
0 0.5859375 0.23648958333333334 0.040773437500000044 0.05550000000000003
0 0.61669921875 0.3828125 0.03747656250000002 0.050046874999999956
0 0.5146484375 0.2403958333333333 0.03942968750000002 0.0540364583333333
0 0.63427734375 0.4772135416666667 0.03402734375000005 0.045979166666666654
0 0.63330078125 0.2830416666666667 0.035066406249999994 0.0486666666666667
0 0.6708984375 0.3299166666666667 0.031800781249999945 0.04488020833333337
0 0.6630859375 0.286296875 0.030960937500000084 0.04378124999999997
0 0.548828125 0.224609375 0.039488281250000055 0.05684374999999999
0 0.60107421875 0.47884375 0.04016015624999998 0.04829687500000001
0 0.53515625 0.18294270833333334 0.03891015625000005 0.05159374999999997
0 0.64697265625 0.3782552083333333 0.034089843749999994 0.04732291666666662
0 0.6494140625 0.24577083333333333 0.031144531250000006 0.044187499999999984
0 0.6748046875 0.375 0.0322265625 0.044802083333333326
0 0.66015625 0.4661458333333333 0.03454687500000002 0.047770833333333346
0 0.57177734375 0.1883125 0.039488281250000055 0.049479166666666664
0 0.6298828125 0.430015625 0.03494140624999993 0.048828125
0 0.6201171875 0.23926041666666667 0.035218749999999945 0.047932291666666654
0 0.60693359375 0.20052083333333334 0.036558593750000055 0.04536979166666667
0 0.47827343750000006 0.17903645833333334 0.037046875000000055 0.057942708333333336
0 0.65966796875 0.422203125 0.03289843749999992 0.049031250000000054
0 0.47241406250000006 0.14225520833333333 0.03430078124999998 0.04128125
0 0.5126953125 0.15088020833333332 0.03594921875000008 0.04135937499999998
0 0.349609375 0.251953125 0.029753906250000028 0.04858333333333332
0 0.55615234375 0.15462499999999998 0.03891015625000005 0.04223437500000002
0 0.63916015625 0.20719270833333334 0.03253125000000008 0.04075
0 0.62255859375 0.51953125 0.03774999999999995 0.04793229166666671
0 0.33154296875 0.3268229166666667 0.054289062500000006 0.05383333333333328
0 0.6845703125 0.4140625 0.029417968749999978 0.0428072916666667
0 0.62353515625 0.17090104166666667 0.03430078124999998 0.03806770833333335
0 0.59033203125 0.15958854166666667 0.03494140624999993 0.039609374999999974
0 0.6845703125 0.4586614583333333 0.029039062500000056 0.04443229166666664
0 0.5048828125 0.12646354166666668 0.034242187499999945 0.040203124999999985
0 0.494140625 0.1050625 0.03332421874999998 0.04402604166666668
0 0.60546875 0.14273958333333334 0.03454687500000002 0.039166666666666676
0 0.63916015625 0.5524114583333334 0.031144531250000006 0.04536979166666667
0 0.5400390625 0.12988541666666667 0.035218749999999945 0.04394791666666666
0 0.6806640625 0.4947916666666667 0.03747656250000002 0.041994791666666725
0 0.57421875 0.131265625 0.03533984374999992 0.04036458333333332
0 0.52783203125 0.10261979166666667 0.03454687500000002 0.039223958333333336
0 0.59765625 0.574546875 0.035402343750000044 0.044802083333333326
0 0.64111328125 0.5904947916666666 0.028703125000000006 0.040895833333333326
0 0.65869140625 0.53515625 0.03372265624999997 0.047854166666666725
0 0.5615234375 0.10319270833333333 0.03289843749999992 0.033182291666666655
0 0.59423828125 0.11507291666666666 0.031496093750000044 0.030171875000000004
0 0.66552734375 0.580078125 0.027113281249999944 0.04014062500000008
0 0.63916015625 0.64453125 0.02700781249999995 0.03849479166666659
0 0.61572265625 0.5914739583333334 0.029542968750000044 0.03960937500000009
0 0.64404296875 0.6927083333333334 0.024703124999999916 0.03706770833333337
0 0.66357421875 0.6061197916666666 0.024933593749999972 0.033833333333333354
0 0.60498046875 0.6770833333333334 0.02546874999999993 0.032937499999999884
0 0.61669921875 0.6243489583333334 0.028441406249999978 0.03501562500000001
0 0.6796875 0.6240260416666668 0.023957031249999972 0.03338541666666662
0 0.615234375 0.6520208333333334 0.026808593750000043 0.03460937499999991
0 0.60498046875 0.6966145833333334 0.024519531249999994 0.032755208333333265
0 0.685546875 0.5680364583333334 0.022980468749999972 0.03629687500000003
0 0.6826171875 0.6002604166666666 0.02328515625000005 0.03761979166666667
0 0.66796875 0.6474635416666668 0.019914062500000006 0.02854166666666676
0 0.6796875 0.5283229166666668 0.03616406249999997 0.04626562500000002
0 0.62939453125 0.666015625 0.024703124999999916 0.030458333333333344
0 0.66064453125 0.6324895833333334 0.02253906249999993 0.030984374999999887
0 0.62744140625 0.7109375 0.02017187499999995 0.030515625000000077
0 0.62841796875 0.73046875 0.020796874999999916 0.03206249999999997
0 0.60986328125 0.7376302083333334 0.021621093749999966 0.03657812500000001
0 0.64453125 0.7298177083333334 0.018050781250000016 0.024494791666666772
0 0.68408203125 0.6901041666666666 0.01791406250000005 0.0234375
0 0.6767578125 0.7083333333333334 0.021621093749999966 0.030354166666666772
2 0.42874999999999996 0.6474635416666668 0.25111718750000006 0.0981145833333334
0 0.57941796875 0.7480833333333333 0.06957031249999997 0.09040624999999997
2 0.27428515625 0.2681145833333333 0.054441406250000046 0.05245833333333335