2 0.383203125 0.5674479166666667 0.04375 0.10885416666666667
2 0.3771484375 0.3846354166666667 0.181640625 0.4609375
0 0.5333984375 0.3302083333333333 0.043359375 0.05520833333333333
0 0.51513671875 0.2877604166666667 0.04132031250000008 0.057291666666666664
0 0.5732421875 0.333984375 0.03942968750000002 0.053468750000000044
0 0.56103515625 0.2836927083333334 0.04217578124999992 0.05631770833333336
0 0.60986328125 0.3336614583333333 0.03854296875000003 0.05326562499999999
0 0.580078125 0.384765625 0.042726562500000044 0.05334375000000004
0 0.501953125 0.20215104166666667 0.03732421875000007 0.05326562499999999
0 0.599609375 0.2858072916666667 0.03875781249999992 0.053468750000000016
0 0.6416015625 0.329265625 0.03402734375000005 0.04838020833333338
0 0.59521484375 0.431640625 0.04168749999999992 0.05436458333333339
0 0.5859375 0.23648958333333334 0.04037500000000005 0.05570312500000003
0 0.5146484375 0.23746875 0.03854296875000003 0.049598958333333346
0 0.61669921875 0.3828125 0.03790234375000008 0.050416666666666644
0 0.63330078125 0.2833645833333333 0.03515625 0.049598958333333346
0 0.66259765625 0.2864583333333333 0.031019531249999944 0.043864583333333346
0 0.67138671875 0.3297552083333333 0.03192187499999992 0.044802083333333326
0 0.6015625 0.47949479166666664 0.04037500000000005 0.04968229166666672
0 0.63427734375 0.4772135416666667 0.03436328124999992 0.047203125000000054
0 0.548828125 0.22363541666666667 0.03942968750000002 0.05509374999999998
0 0.646484375 0.3785833333333333 0.034242187499999945 0.04785416666666661
0 0.67431640625 0.375328125 0.032652343750000055 0.045286458333333356
0 0.6494140625 0.2456041666666667 0.031312499999999945 0.04402604166666668
0 0.66015625 0.46582291666666664 0.03469921874999997 0.0486666666666667
0 0.62890625 0.4293645833333333 0.03500390625000005 0.050046874999999956
0 0.57177734375 0.18880208333333334 0.03942968750000002 0.04976562499999997
0 0.53515625 0.18375520833333334 0.03860546874999997 0.052083333333333336
0 0.65966796875 0.4215520833333333 0.03301953125000008 0.04931770833333336
0 0.60693359375 0.200359375 0.03628515624999995 0.04488020833333331
0 0.51220703125 0.15332291666666667 0.03677343749999995 0.04288541666666668
0 0.47216796875 0.14225520833333333 0.03402734375000005 0.04135937499999998
0 0.68505859375 0.414390625 0.029753906250000028 0.043864583333333346
0 0.55615234375 0.15462499999999998 0.039124999999999945 0.041604166666666664
0 0.4775390625 0.17984895833333334 0.03527734374999998 0.05643750000000001
0 0.62060546875 0.23991145833333333 0.03515625 0.04626562500000002
0 0.62353515625 0.1710625 0.03549218750000005 0.03871875000000002
0 0.638671875 0.20686979166666666 0.03192187499999992 0.04044791666666665
0 0.58984375 0.16015625 0.03527734374999998 0.04005729166666665
0 0.6220703125 0.51953125 0.038820312500000044 0.0491927083333333
0 0.63916015625 0.5514322916666666 0.03143359374999992 0.04463541666666663
0 0.6845703125 0.45801041666666664 0.02937499999999993 0.04443229166666664
0 0.60595703125 0.14225520833333333 0.03436328124999992 0.037781249999999995
0 0.59765625 0.5735677083333334 0.03650000000000002 0.045124999999999936
0 0.49389843750000006 0.10465624999999999 0.03372265624999997 0.04288541666666668
0 0.5400390625 0.12988541666666667 0.03561328125000003 0.04394791666666666
0 0.50390625 0.12532812499999998 0.03396484374999993 0.039833333333333346
0 0.57421875 0.13102083333333334 0.03561328125000003 0.04028125000000002
0 0.58447265625 0.5182291666666666 0.038820312500000044 0.04996875000000003
0 0.6416015625 0.590171875 0.02865625000000005 0.038411458333333336
0 0.68212890625 0.4954427083333333 0.035890625000000044 0.041994791666666725
0 0.52734375 0.10147916666666666 0.034242187499999945 0.037843750000000016
0 0.56103515625 0.10319270833333333 0.03308203125000002 0.032369791666666654
0 0.63916015625 0.642578125 0.026457031250000006 0.035218749999999945
0 0.615234375 0.5911458333333334 0.030378906249999994 0.03871875000000007
0 0.658203125 0.5345052083333334 0.033265624999999945 0.04536979166666667
0 0.60498046875 0.6764322916666666 0.025621093750000056 0.032572916666666646
0 0.59326171875 0.11507291666666666 0.03161718750000002 0.03029166666666665
0 0.61669921875 0.6243489583333334 0.028976562499999935 0.03434375000000003
0 0.58935546875 0.6617864583333334 0.027632812499999916 0.03338541666666662
0 0.66552734375 0.580078125 0.027374999999999972 0.03657812500000001
0 0.5888671875 0.6380208333333334 0.027589843750000044 0.03338541666666662
0 0.62890625 0.6673177083333334 0.026199218750000065 0.030802083333333268
0 0.58740234375 0.609375 0.030960937500000084 0.0360104166666666
0 0.6640625 0.6070989583333334 0.025269531250000022 0.03206249999999997
0 0.615234375 0.6510416666666666 0.02685546875 0.032572916666666646
0 0.6484375 0.6588541666666666 0.021773437499999916 0.027463541666666678
0 0.58642578125 0.4700520833333333 0.02351562499999993 0.037843750000000044
0 0.3564453125 0.29785416666666664 0.036894531250000015 0.061604166666666654
0 0.31591796875 0.2820625 0.035218750000000035 0.050416666666666644
2 0.36059765625 0.5113958333333334 0.03970312500000004 0.0791041666666666
0 0.6796875 0.623375 0.02351562499999993 0.032005208333333236
0 0.685546875 0.5670572916666666 0.02302734374999993 0.033510416666666744
0 0.58349609375 0.6946614583333334 0.021699218750000072 0.025307291666666742
0 0.6826171875 0.5986354166666668 0.02310156249999995 0.03615104166666659
0 0.65966796875 0.6334635416666666 0.021453125000000028 0.03110937500000001
0 0.66796875 0.6458333333333334 0.019058593749999984 0.025697916666666744
2 0.39013671875 0.7578125 0.2646484375 0.17106250000000003
0 0.6884765625 0.5325520833333334 0.023695312499999944 0.03649999999999996
0 0.33251953125 0.3289375 0.052031250000000015 0.053468750000000044
2 0.21997265625 0.6927083333333334 0.0634765625 0.11531770833333325
2 0.7216796875 0.7369791666666666 0.09875390624999998 0.13191666666666677
2 0.3708515625 0.19921875 0.06372265624999995 0.09561979166666669
0 0.34887890625 0.2516302083333333 0.029585937500000003 0.047932291666666654
0 0.58544921875 0.56478125 0.02001953125 0.028114583333333342
0 0.34716796875 0.6578802083333334 0.022371093749999994 0.029661458333333238
2 0.29453125 0.6416666666666667 0.298046875 0.6541666666666667 0.303515625 0.6557291666666667 0.30625 0.6640625 0.3109375 0.6671875 0.312890625 0.671875 0.31015625 0.684375 0.31328125 0.69140625 0.312109375 0.7005208333333334 0.3171875 0.7046875 0.31328125 0.7197916666666667 0.3140625 0.7291666666666666 0.3125 0.7416666666666667 0.323676380078125 0.675329096875 0.32286875 0.6582911458333334 0.324685198046875 0.6693412427083333 0.325523828125 0.6643635416666667 0.324799362890625 0.670035746875 0.335546875 0.7354166666666667 0.341015625 0.7260416666666667 0.349609375 0.7244791666666667 0.365234375 0.7265625 0.368359375 0.7286458333333333 0.380859375 0.728125 0.38125 0.7192708333333333 0.3765625 0.7088541666666667 0.3703125 0.7020833333333333 0.365234375 0.6921875 0.367578125 0.6869791666666667 0.373046875 0.6880208333333333 0.37734375 0.6838541666666667 0.384765625 0.6833333333333333 0.387109375 0.68125 0.393359375 0.6697916666666667 0.404296875 0.6427083333333333 0.4046875 0.6296875 0.3921875 0.5984375 0.38828125 0.6020833333333333 0.3859375 0.5973958333333333 0.384375 0.5973958333333333 0.38125 0.6171875 0.36875 0.6078125 0.363671875 0.6088541666666667 0.3609375 0.6072916666666667 0.35390625 0.5953125 0.353515625 0.5890625 0.349609375 0.5854166666666667 0.316796875 0.5854166666666667 0.3046875 0.5864583333333333 0.3 0.5895833333333333 0.291015625 0.5880208333333333 0.282421875 0.5958333333333333 0.28125 0.6052083333333333 0.27890625 0.6078125 0.278515625 0.6145833333333334 0.28515625 0.61875 0.2859375 0.6276041666666666 0.289453125 0.6338541666666667 0.28984375 0.6385416666666667 0.29453125 0.6416666666666667
0 0.311375 0.6350625 0.03971093750000003 0.030562499999999916
0 0.33415625000000004 0.6304375 0.022992187499999962 0.01881770833333339
0 0.36368359375 0.63303125 0.025382812500000008 0.02212500000000001
2 0.259375 0.31354166666666666 0.265625 0.3182291666666667 0.273046875 0.3177083333333333 0.277734375 0.3140625 0.284375 0.3020833333333333 0.28515625 0.2828125 0.283203125 0.2635416666666667 0.27890625 0.259375 0.263671875 0.2546875 0.2609375 0.2557291666666667 0.25859375 0.2604166666666667 0.255859375 0.28125 0.255859375 0.2989583333333333 0.259375 0.31354166666666666