0 0.7421875 0.15422916666666667 0.046875 0.03597916666666669
0 0.510375 0.3178125 0.05268750000000004 0.07059374999999998
0 0.5083046875 0.25992708333333336 0.039124999999999945 0.05041666666666667
0 0.5419921875 0.3932291666666667 0.04346093750000009 0.05423958333333338
0 0.5747109375 0.3434270833333333 0.04138281250000002 0.052739583333333326
0 0.5600625 0.2932916666666667 0.04263281249999995 0.05404166666666666
0 0.558109375 0.4410833333333333 0.04217187500000001 0.05375000000000003
0 0.58203125 0.3958333333333333 0.040101562499999945 0.053145833333333316
0 0.61084375 0.34310416666666665 0.03875781249999992 0.05090625000000001
0 0.601078125 0.29362499999999997 0.039124999999999945 0.04960416666666667
0 0.59765625 0.4427083333333333 0.03860156250000006 0.053062500000000054
0 0.548828125 0.2475625 0.04053125000000009 0.05159375000000003
0 0.6171875 0.3919270833333333 0.03595312499999999 0.048947916666666674
0 0.534671875 0.20589583333333333 0.03933593749999993 0.046875
0 0.587890625 0.24690624999999997 0.03781250000000007 0.04634374999999998
0 0.6689453125 0.34082291666666664 0.03192187499999992 0.04634375000000001
0 0.576171875 0.5768229166666666 0.03482031249999995 0.041749999999999926
0 0.48413281250000006 0.18636458333333333 0.03854687499999994 0.04704166666666669
0 0.630375 0.439125 0.03448437500000008 0.04911458333333331
0 0.6220703125 0.2504895833333333 0.035554687499999994 0.04581249999999999
0 0.6411171875 0.33886458333333336 0.03283593749999998 0.04589583333333339
0 0.569828125 0.5348333333333334 0.03796093749999994 0.04659375000000002
0 0.661625 0.29573958333333333 0.03253125000000008 0.04443749999999997
0 0.5654296875 0.49023958333333334 0.04037500000000005 0.05090625000000001
0 0.5166015625 0.17170833333333332 0.03869531249999998 0.046510416666666644
0 0.6318359375 0.29394791666666664 0.0341796875 0.04606250000000003
0 0.57178125 0.20735416666666667 0.03845312500000002 0.047770833333333346
0 0.4970703125 0.22526041666666666 0.03839062500000008 0.0563125
0 0.6513671875 0.257 0.03174218750000009 0.0434583333333333
0 0.6494140625 0.38573958333333336 0.033265624999999945 0.047562499999999966
0 0.6040078125 0.48893749999999997 0.03683593750000007 0.05005208333333329
0 0.4755859375 0.15592708333333333 0.037109375 0.046145833333333344
0 0.6767578125 0.3854166666666667 0.029585937499999916 0.045041666666666674
0 0.659671875 0.4309895833333333 0.03179687500000004 0.04674999999999999
0 0.63428125 0.48763541666666665 0.03402343749999996 0.047770833333333346
0 0.687015625 0.42578125 0.029039062500000056 0.043864583333333346
0 0.636234375 0.21516666666666667 0.03235156250000006 0.04014583333333335
0 0.607421875 0.606125 0.03137500000000006 0.0371250000000001
0 0.60546875 0.20654166666666668 0.03643750000000008 0.045979166666666654
0 0.6328125 0.62890625 0.028109375000000013 0.0360937500000001
0 0.661625 0.4752604166666667 0.03125 0.04634375000000001
0 0.6040078125 0.53515625 0.03384374999999995 0.044802083333333326
0 0.55225 0.17040625 0.03738281249999993 0.043291666666666666
0 0.66553125 0.5166041666666666 0.030210937500000055 0.04329166666666673
0 0.607421875 0.5732395833333332 0.03185937499999998 0.039447916666666555
0 0.6396484375 0.529625 0.032164062500000055 0.04463541666666669
0 0.46508593749999994 0.12402083333333333 0.034242187499999945 0.045572916666666664
0 0.687015625 0.47461458333333334 0.026960937499999994 0.041447916666666626
0 0.634765625 0.5690104166666666 0.031140624999999922 0.04247916666666664
0 0.5415078125 0.14128125 0.03726562500000004 0.04394791666666666
0 0.494140625 0.112875 0.0322265625 0.04051041666666668
0 0.6181640625 0.18342708333333332 0.03353906250000005 0.039302083333333356
0 0.5883828125 0.17122916666666665 0.03488281250000007 0.04058333333333331
0 0.573734375 0.14079166666666668 0.03499999999999996 0.04105208333333334
0 0.6059609375 0.15120833333333333 0.03384374999999995 0.03761458333333335
0 0.6884765625 0.5143229166666666 0.025265624999999937 0.03885416666666662
0 0.634765625 0.6009166666666667 0.027328125000000016 0.036989583333333326
0 0.560546875 0.11344791666666666 0.03253125000000008 0.03534375000000001
0 0.6840859375 0.5520833333333334 0.024843749999999963 0.03658333333333322
0 0.6606484375 0.58821875 0.026351562500000016 0.035604166666666735
0 0.6611328125 0.5556666666666668 0.026765624999999994 0.03863541666666658
0 0.6591796875 0.639 0.026414062499999957 0.034156249999999964
0 0.5288125 0.11181250000000001 0.03460937499999996 0.04215625
0 0.5068359375 0.13810416666666667 0.03753906249999996 0.043291666666666666
0 0.59375 0.12516666666666668 0.03161718750000002 0.03323958333333334
0 0.6611328125 0.6152395833333333 0.024992187500000006 0.03104166666666662
0 0.6826171875 0.5830104166666668 0.02279687500000005 0.033322916666666674
0 0.6240234375 0.73828125 0.022078124999999994 0.03434375000000003
0 0.679203125 0.63834375 0.02103906250000005 0.028645833333333332
0 0.380859375 0.7102916666666667 0.02784374999999999 0.029312500000000106
0 0.589359375 0.7552083333333334 0.022250000000000013 0.0382083333333334
0 0.5571328125 0.52734375 0.018343750000000013 0.04097916666666664
0 0.607421875 0.7486979166666666 0.02092187499999998 0.035395833333333356
0 0.40600781250000006 0.68425 0.02920312500000004 0.03344791666666656
0 0.393796875 0.69921875 0.02865624999999996 0.02947916666666662
0 0.42578125 0.671875 0.03454687500000002 0.038062499999999964
0 0.57178125 0.7610729166666667 0.021007812500000077 0.037416666666666744
0 0.681640625 0.61003125 0.021648437500000027 0.029947916666666668
0 0.39331250000000006 0.6403020833333334 0.03302343750000003 0.03707291666666658
0 0.6416015625 0.7317708333333334 0.02182031250000005 0.034156249999999964
0 0.380125 0.6598333333333334 0.029757812500000026 0.0338958333333333
0 0.356203125 0.6920625 0.026960937499999994 0.030229166666666647
0 0.36840625 0.6777395833333333 0.027632812500000003 0.03176041666666667
0 0.3439921875 0.7102916666666667 0.02391406250000001 0.027364583333333314
0 0.56396875 0.5686875 0.020968749999999935 0.03568749999999999
0 0.43921093750000006 0.6526666666666666 0.026960937499999994 0.030520833333333285
2 0.43046875 0.6078125 0.1953125 0.26979166666666665
2 0.2771015625 0.4215520833333333 0.08630468750000002 0.14103125
2 0.29175 0.2696979166666667 0.06951562500000001 0.11571875000000004
2 0.48898437499999997 0.7472083333333334 0.11737500000000001 0.05334375000000004