2 0.38515625 0.27395833333333336 0.15078125 0.271875
2 0.395703125 0.5697916666666667 0.10859375 0.23854166666666668
2 0.51953125 0.6138020833333333 0.1703125 0.18802083333333333
2 0.30821517021945055 0.571495878346219 0.0629010569479882 0.1477572541777651
2 0.2974609375 0.4354166666666667 0.083984375 0.14375
2 0.2658203125 0.36015625 0.101953125 0.09010416666666667
2 0.284765625 0.26171875 0.0625 0.1078125
0 0.5421875 0.3828125 0.04375 0.053125
0 0.533203125 0.3308919270833333 0.043701171875 0.056233723958333336
0 0.58251953125 0.3857421875 0.039337158203125 0.051595052083333336
0 0.55908203125 0.4319661458333333 0.042877197265625 0.053059895833333336
0 0.60986328125 0.3323567708333333 0.0386962890625 0.0518798828125
0 0.57421875 0.3336588541666667 0.04010009765625 0.05224609375
0 0.59716796875 0.4313151041666667 0.039337158203125 0.0523681640625
0 0.6298828125 0.4300130208333333 0.034759521484375 0.050048828125
0 0.5615234375 0.283203125 0.04193115234375 0.053955078125
0 0.6171875 0.3828125 0.036834716796875 0.049763997395833336
0 0.6611328125 0.4677734375 0.033538818359375 0.048014322916666664
0 0.501953125 0.203125 0.036712646484375 0.055379231770833336
0 0.6708984375 0.3297526041666667 0.0323486328125 0.045369466145833336
0 0.64208984375 0.3297526041666667 0.03448486328125 0.0491943359375
0 0.66064453125 0.4212239583333333 0.033599853515625 0.048014322916666664
0 0.634765625 0.478515625 0.033782958984375 0.045979817708333336
0 0.6748046875 0.375 0.0325927734375 0.0447998046875
0 0.51416015625 0.23779296875 0.03875732421875 0.051188151041666664
0 0.6630859375 0.2864583333333333 0.031494140625 0.044189453125
0 0.60107421875 0.4794921875 0.03875732421875 0.047932942708333336
0 0.51513671875 0.2859700520833333 0.04083251953125 0.054443359375
0 0.63330078125 0.2843424479166667 0.03533935546875 0.050699869791666664
0 0.59912109375 0.28515625 0.0379638671875 0.051595052083333336
0 0.64697265625 0.3785807291666667 0.03424072265625 0.048299153645833336
0 0.685546875 0.4143880208333333 0.0299224853515625 0.042643229166666664
0 0.394287109375 0.22721354166666666 0.046295166015625 0.054850260416666664
0 0.58642578125 0.23404947916666666 0.040008544921875 0.0523681640625
0 0.53466796875 0.18196614583333334 0.038330078125 0.049479166666666664
0 0.64892578125 0.24593098958333334 0.0311431884765625 0.044026692708333336
0 0.6396484375 0.20751953125 0.033782958984375 0.041524251302083336
0 0.6845703125 0.4580078125 0.0294189453125 0.044637044270833336
0 0.6201171875 0.23795572916666666 0.035003662109375 0.044637044270833336
0 0.54931640625 0.22330729166666666 0.040252685546875 0.054646809895833336
0 0.4716796875 0.14298502604166666 0.03436279296875 0.043619791666666664
0 0.607421875 0.20035807291666666 0.0364990234375 0.045369466145833336
0 0.4794921875 0.18131510416666666 0.036346435546875 0.059244791666666664
0 0.55615234375 0.15380859375 0.038604736328125 0.041056315104166664
0 0.364990234375 0.3108723958333333 0.04351806640625 0.057169596354166664
0 0.356689453125 0.2565104166666667 0.042236328125 0.055379231770833336
0 0.623046875 0.171875 0.03436279296875 0.0382080078125
0 0.685546875 0.4964192708333333 0.0305633544921875 0.039530436197916664
0 0.57177734375 0.1884765625 0.03948974609375 0.049601236979166664
0 0.5126953125 0.15226236979166666 0.035736083984375 0.042317708333333336
0 0.60595703125 0.14249674479166666 0.034759521484375 0.039306640625
0 0.49365234375 0.10579427083333333 0.032958984375 0.044514973958333336
0 0.63916015625 0.5888671875 0.034942626953125 0.041666666666666664
0 0.57421875 0.13077799479166666 0.03582763671875 0.040059407552083336
0 0.34423828125 0.22509765625 0.037109375 0.050333658854166664
0 0.50439453125 0.1259765625 0.033782958984375 0.041666666666666664
0 0.52734375 0.10245768229166667 0.03448486328125 0.037923177083333336
0 0.58984375 0.16031901041666666 0.034881591796875 0.039835611979166664
0 0.6337890625 0.5452473958333334 0.04168701171875 0.054850260416666664
0 0.54052734375 0.13053385416666666 0.03662109375 0.0447998046875
2 0.268798828125 0.5817057291666666 0.03521728515625 0.083251953125
0 0.5615234375 0.103515625 0.0323486328125 0.032999674479166664
0 0.59375 0.11588541666666667 0.0316162109375 0.031595865885416664
0 0.6650390625 0.5823567708333334 0.02630615234375 0.039306640625
0 0.6806640625 0.6220703125 0.023773193359375 0.03460693359375
0 0.6826171875 0.6018880208333334 0.0228424072265625 0.0352783203125
0 0.68603515625 0.5690104166666666 0.0227203369140625 0.035746256510416664
0 0.38134765625 0.19059244791666666 0.04107666015625 0.047932942708333336
2 0.474853515625 0.6357421875 0.0784912109375 0.146240234375
0 0.658203125 0.5325520833333334 0.0299835205078125 0.042643229166666664
0 0.58447265625 0.4720052083333333 0.0191650390625 0.03826904296875
0 0.359375 0.5856119791666666 0.03240966796875 0.0345458984375
2 0.33251953125 0.767578125 0.0885009765625 0.087158203125
0 0.6875 0.53125 0.023773193359375 0.036641438802083336
0 0.67431640625 0.5198567708333334 0.027374267578125 0.035013834635416664