2 0.36612109375 0.369203125 0.16074609375000004 0.45243750000000005
2 0.410546875 0.6203125 0.1296875 0.10625
2 0.44460546875 0.6980677083333333 0.1492109375 0.05740104166666669
0 0.52898828125 0.4577291666666667 0.051156250000000014 0.08323437499999997
0 0.5654296875 0.45703125 0.04168749999999992 0.056968750000000054
0 0.57958984375 0.3854166666666667 0.042726562500000044 0.054036458333333336
0 0.53271484375 0.3302395833333333 0.04327343750000008 0.05529687500000004
0 0.59619140625 0.431640625 0.039640625000000006 0.05436458333333339
0 0.5146484375 0.28808854166666664 0.04123046875000007 0.058145833333333355
0 0.5595703125 0.5068385416666666 0.04037500000000005 0.05118749999999998
0 0.60986328125 0.33203125 0.03796484375000002 0.0514739583333333
0 0.6298828125 0.430015625 0.034425781250000044 0.04984375000000003
0 0.57373046875 0.3336614583333333 0.039949218749999994 0.05244791666666669
0 0.66064453125 0.4664739583333333 0.03390625000000007 0.048947916666666674
0 0.67138671875 0.3297552083333333 0.03125 0.043864583333333346
0 0.501953125 0.20215104166666667 0.03732421875000007 0.05326562499999999
0 0.5615234375 0.283203125 0.04123046875000007 0.054645833333333345
0 0.6171875 0.3824895833333333 0.03726171874999995 0.04976562499999997
0 0.6748046875 0.375328125 0.03173828125 0.044718749999999946
0 0.64208984375 0.329265625 0.03390625000000007 0.048947916666666674
0 0.599609375 0.2858072916666667 0.03823828124999995 0.05314062499999998
0 0.55517578125 0.64290625 0.046632812500000044 0.08748437499999989
0 0.634765625 0.478515625 0.03390625000000007 0.047770833333333346
0 0.55712890625 0.55078125 0.037199218750000006 0.04512499999999999
0 0.64697265625 0.379234375 0.03430078124999998 0.048093749999999956
0 0.5654296875 0.5934270833333334 0.034605468750000055 0.04520833333333343
0 0.66015625 0.421875 0.03289843749999992 0.04976562499999997
0 0.66259765625 0.286296875 0.030562499999999916 0.04296875
2 0.313234375 0.7643229166666666 0.09026953124999997 0.09375
0 0.6015625 0.480796875 0.038820312500000044 0.050901041666666674
0 0.6337890625 0.2838541666666667 0.035066406249999994 0.050130208333333336
0 0.47216796875 0.14127604166666666 0.03494140624999993 0.03997916666666666
0 0.59765625 0.5738958333333334 0.036070312500000055 0.045124999999999936
0 0.685546875 0.414390625 0.029207031249999994 0.04288541666666663
0 0.63916015625 0.5524114583333334 0.031144531250000006 0.04402604166666671
0 0.51513671875 0.23730729166666667 0.03875781249999992 0.04976562499999997
2 0.443359375 0.83984375 0.07586718749999992 0.042317708333333336
0 0.5859375 0.235515625 0.04000781250000003 0.05477083333333332
0 0.64990234375 0.24593229166666666 0.03161718750000002 0.04435416666666665
0 0.6201171875 0.23860937499999998 0.03561328125000003 0.04939583333333335
0 0.53515625 0.18196874999999998 0.038332031250000044 0.05004687500000002
0 0.494140625 0.10563020833333334 0.033781250000000006 0.04435416666666665
0 0.64013671875 0.20686979166666666 0.03347656249999993 0.04044791666666665
0 0.6845703125 0.4586614583333333 0.028550781250000056 0.04410937500000003
0 0.64111328125 0.590171875 0.02816796875000005 0.038270833333333344
0 0.62158203125 0.5201822916666666 0.03781250000000007 0.050130208333333336
0 0.623046875 0.17024999999999998 0.03402734375000005 0.03820833333333334
0 0.587890625 0.611328125 0.03210546875000002 0.041281250000000116
0 0.5126953125 0.15250520833333334 0.036070312500000055 0.04223437500000002
0 0.54931640625 0.22346875 0.039796875000000044 0.05603125000000002
0 0.6474609375 0.6598333333333334 0.022886718750000055 0.029031249999999887
0 0.607421875 0.20003125 0.036558593750000055 0.04471875000000001
0 0.60546875 0.14249479166666665 0.034425781250000044 0.038411458333333336
0 0.58056640625 0.42676041666666664 0.021742187499999944 0.03812500000000003
0 0.57177734375 0.18798958333333332 0.039124999999999945 0.04903124999999999
0 0.58935546875 0.6630885416666668 0.027953124999999978 0.035484375000000054
0 0.55615234375 0.15438020833333335 0.038175781250000006 0.04288541666666668
0 0.52783203125 0.10245833333333333 0.034605468750000055 0.03916666666666666
0 0.63916015625 0.6432291666666666 0.02700781249999995 0.036989583333333326
0 0.64501953125 0.693359375 0.025511718749999978 0.039000000000000055
0 0.5068359375 0.12670833333333334 0.035218749999999945 0.03989583333333332
0 0.68603515625 0.496421875 0.029207031249999994 0.04020312500000003
0 0.5888671875 0.6393229166666666 0.028062500000000056 0.0360104166666666
0 0.60498046875 0.6751302083333334 0.027175781250000065 0.03181770833333341
0 0.6279296875 0.6666666666666666 0.025269531250000022 0.030171874999999914
0 0.59375 0.11547916666666666 0.0322265625 0.030864583333333327
0 0.5615234375 0.103515625 0.033140625000000055 0.033322916666666674
0 0.61572265625 0.5914739583333334 0.029417968749999978 0.03871875000000007
0 0.6650390625 0.58040625 0.026062499999999923 0.03657812500000001
0 0.54052734375 0.130046875 0.035890625000000044 0.043781250000000015
0 0.58447265625 0.7024739583333334 0.024839843750000055 0.04050520833333333
0 0.5908203125 0.16194791666666666 0.03582812499999992 0.04288541666666668
0 0.6162109375 0.6243489583333334 0.028761718750000043 0.035276041666666674
0 0.57470703125 0.13077604166666665 0.034089843749999994 0.03827083333333333
0 0.62841796875 0.7265625 0.02133203125000005 0.029541666666666563
0 0.5888671875 0.5345052083333334 0.03683593750000007 0.04821874999999996
0 0.5283203125 0.75 0.023332031250000006 0.03454687499999996
0 0.68359375 0.5983072916666666 0.021988281249999984 0.03568749999999999
0 0.61083984375 0.7330729166666666 0.021867187500000006 0.031697916666666735
2 0.33716015625 0.19352083333333334 0.09533593749999998 0.121421875
0 0.60888671875 0.7076822916666666 0.024660156250000044 0.0382083333333334
0 0.6591796875 0.5341822916666668 0.033601562499999994 0.047203125000000054
0 0.66357421875 0.607421875 0.024230468750000077 0.03269270833333333
0 0.66845703125 0.6461614583333334 0.018828124999999928 0.02752604166666662
0 0.67822265625 0.6243489583333334 0.024382812500000028 0.032755208333333265
0 0.68603515625 0.5677083333333334 0.022414062500000043 0.035541666666666555
0 0.615234375 0.6510416666666666 0.027433593750000006 0.03135416666666657
0 0.5322265625 0.6686197916666666 0.018937500000000006 0.04545312499999999
0 0.640625 0.617515625 0.026152343749999928 0.034932291666666754
0 0.6884765625 0.5319010416666666 0.023421875000000016 0.03623437500000003
2 0.3376484375 0.5843125 0.03759765625 0.052734375
0 0.6591796875 0.6337916666666668 0.020445312500000055 0.02982812499999999
0 0.62548828125 0.7083333333333334 0.018937500000000006 0.028218749999999914
0 0.68408203125 0.6920572916666666 0.016785156249999923 0.024171874999999923
0 0.47607421875 0.192546875 0.027695312500000034 0.03670312500000002
0 0.64794921875 0.720703125 0.021574218750000006 0.027630208333333427
0 0.462109375 0.7171875 0.467578125 0.7213541666666666 0.4796875 0.7192708333333333 0.485546875 0.7135416666666666 0.488671875 0.6927083333333334 0.48671875 0.6859375 0.478515625 0.6791666666666667 0.46640625 0.6791666666666667 0.4609375 0.6838541666666667 0.458203125 0.6958333333333333 0.458984375 0.7088541666666667 0.462109375 0.7171875
0 0.44276171875000003 0.705546875 0.028996093750000007 0.04328124999999995
0 0.43395703125 0.710671875 0.020832031249999973 0.038072916666666616
0 0.481640625 0.7604166666666666 0.491015625 0.771875 0.50078125 0.7755208333333333 0.50390625 0.7739583333333333 0.505859375 0.7697916666666667 0.50234375 0.7635416666666667 0.499609375 0.7520833333333333 0.49296875 0.7427083333333333 0.4921875 0.7348958333333333 0.485546875 0.7317708333333334 0.48125 0.7359375 0.480078125 0.7395833333333334 0.477734375 0.7526041666666666 0.481640625 0.7604166666666666
0 0.462109375 0.7520833333333333 0.470703125 0.7567708333333333 0.47421875 0.7609375 0.482421875 0.7609375 0.483203125 0.7583333333333333 0.48046875 0.7432291666666667 0.47890625 0.7197916666666667 0.473046875 0.7171875 0.4625 0.7177083333333333 0.45859375 0.7229166666666667 0.457421875 0.7401041666666667 0.462109375 0.7520833333333333
0 0.48828125 0.7229166666666667 0.4890625 0.7286458333333333 0.494140625 0.7390625 0.51015625 0.7348958333333333 0.511328125 0.728125 0.50625 0.7046875 0.49765625 0.6979166666666666 0.490625 0.6953125 0.4890625 0.7 0.49140625 0.7057291666666666 0.48828125 0.7229166666666667
0 0.390234375 0.7755208333333333 0.401171875 0.7786458333333334 0.406640625 0.778125 0.409765625 0.7713541666666667 0.411328125 0.7604166666666666 0.4109375 0.7557291666666667 0.40859375 0.7526041666666666 0.41015625 0.7479166666666667 0.3984375 0.7479166666666667 0.39453125 0.7520833333333333 0.388671875 0.7671875 0.38828125 0.7713541666666667 0.390234375 0.7755208333333333
0 0.42578125 0.7770833333333333 0.428515625 0.7807291666666667 0.43828125 0.7822916666666667 0.456640625 0.7822916666666667 0.458203125 0.7807291666666667 0.4578125 0.7786458333333334 0.445703125 0.7677083333333333 0.435546875 0.7510416666666667 0.43125 0.7557291666666667 0.43203125 0.7598958333333333 0.427734375 0.7671875 0.428125 0.7713541666666667 0.42578125 0.7770833333333333
2 0.27067578124999997 0.27965625000000005 0.05989843749999997 0.08342708333333336