2 0.36875 0.370453125 0.16796875 0.4671875
0 0.3634765625 0.49505208333333334 0.051953125 0.06822916666666666
0 0.56328125 0.45625 0.04296875 0.057291666666666664
0 0.595703125 0.431640625 0.04098437500000003 0.05517708333333336
0 0.5625 0.5677083333333334 0.04025390625000007 0.0633541666666666
0 0.57958984375 0.3860677083333333 0.042878906249999994 0.0548489583333333
0 0.65966796875 0.4664739583333333 0.03430078124999998 0.048828125
0 0.59814453125 0.574546875 0.03527734374999998 0.046671875000000064
0 0.60986328125 0.332359375 0.03839062500000008 0.051677083333333346
0 0.62890625 0.4303385416666667 0.035066406249999994 0.05082291666666663
0 0.6171875 0.3824895833333333 0.037687500000000006 0.04968229166666672
0 0.5322265625 0.33040625 0.042390624999999994 0.05517708333333336
0 0.6396484375 0.5540364583333334 0.03091406249999995 0.04418750000000002
0 0.50244140625 0.20263541666666668 0.03759765625 0.05395312500000002
0 0.5634765625 0.5074895833333334 0.040925781249999994 0.05244791666666669
0 0.6748046875 0.375328125 0.03161718750000002 0.04451562500000002
0 0.6015625 0.4811197916666667 0.03845312500000002 0.05139062500000004
0 0.5732421875 0.3336614583333333 0.039488281250000055 0.052734375
0 0.63427734375 0.478515625 0.03402734375000005 0.04821874999999996
0 0.66015625 0.4225260416666667 0.033140625000000055 0.049479166666666664
0 0.56103515625 0.2836927083333334 0.041078124999999945 0.05529687500000001
0 0.64697265625 0.37890625 0.03402734375000005 0.047854166666666725
0 0.60009765625 0.2853177083333333 0.03869531249999998 0.052854166666666674
0 0.6708984375 0.3297552083333333 0.03137109374999998 0.044026041666666654
0 0.68505859375 0.414390625 0.02937499999999993 0.04240104166666671
0 0.6416015625 0.3289375 0.033781250000000006 0.047770833333333346
0 0.623046875 0.519859375 0.037046875000000055 0.04874479166666663
0 0.51513671875 0.2884114583333333 0.040773437500000044 0.058145833333333355
0 0.5859375 0.23648958333333334 0.04031249999999993 0.05550000000000003
0 0.66259765625 0.286296875 0.030378906249999994 0.04321354166666668
0 0.64111328125 0.590171875 0.027800781250000028 0.03792187499999997
0 0.63330078125 0.2833645833333333 0.035402343750000044 0.04976562499999997
0 0.64892578125 0.24642187499999998 0.031496093750000044 0.045041666666666674
0 0.47241406250000006 0.14249479166666665 0.034425781250000044 0.04121874999999999
0 0.47729687500000006 0.17838541666666666 0.03698828125000002 0.05814583333333333
0 0.6845703125 0.4583333333333333 0.028441406249999978 0.044187499999999956
0 0.53515625 0.182453125 0.03854296875000003 0.050901041666666674
0 0.587890625 0.6100260416666666 0.03143359374999992 0.041218749999999936
0 0.6201171875 0.23860937499999998 0.035402343750000044 0.04821875000000002
0 0.58935546875 0.5341822916666668 0.03616406249999997 0.04939583333333335
0 0.6396484375 0.20752083333333332 0.03289843749999992 0.04121874999999999
0 0.63916015625 0.642578125 0.026765624999999994 0.035890624999999926
0 0.49389843750000006 0.10538541666666666 0.03332421874999998 0.043296875
0 0.55615234375 0.15438020833333335 0.03869531249999998 0.04199479166666666
0 0.57177734375 0.18847916666666667 0.0390625 0.04984375000000003
0 0.623046875 0.17041145833333332 0.03448437500000008 0.03863541666666664
0 0.607421875 0.20052083333333334 0.03628515624999995 0.045041666666666674
0 0.60546875 0.14273958333333334 0.03430078124999998 0.03885937500000001
0 0.68603515625 0.496421875 0.029542968750000044 0.039833333333333346
0 0.5146484375 0.23763020833333334 0.03823828124999995 0.049192708333333356
0 0.58935546875 0.658203125 0.029207031249999994 0.03344791666666656
0 0.6064453125 0.6764322916666666 0.025910156249999972 0.03401562499999997
0 0.6650390625 0.5797552083333334 0.026457031250000006 0.03678645833333339
0 0.61572265625 0.5914739583333334 0.029417968749999978 0.03930729166666656
0 0.64501953125 0.697265625 0.025328125000000055 0.043052083333333255
0 0.658203125 0.5338541666666666 0.0322265625 0.04597916666666671
0 0.5126953125 0.15144791666666665 0.035890625000000044 0.04135937499999998
0 0.548828125 0.22363541666666667 0.0390625 0.05529687499999998
0 0.52734375 0.10221354166666667 0.034242187499999945 0.038572916666666665
0 0.50634765625 0.12621875 0.03448437500000008 0.03944791666666666
0 0.54052734375 0.12988541666666667 0.03567578124999997 0.043864583333333346
0 0.5908203125 0.161296875 0.03549218750000005 0.04152604166666667
0 0.58935546875 0.6354166666666666 0.02816796875000005 0.034932291666666754
0 0.6474609375 0.6595052083333334 0.023070312499999978 0.0284427083333334
0 0.6162109375 0.6246770833333334 0.028871093749999945 0.03434375000000003
0 0.54248046875 0.7174479166666666 0.026062499999999923 0.029885416666666723
0 0.66357421875 0.607421875 0.025085937499999923 0.033000000000000064
0 0.5615234375 0.103515625 0.032652343750000055 0.033692708333333335
0 0.5361328125 0.6686197916666666 0.026304687500000055 0.03344791666666656
0 0.59423828125 0.11572395833333333 0.03161718750000002 0.030703124999999994
0 0.56494140625 0.7154947916666666 0.024140625000000072 0.03212499999999992
0 0.58349609375 0.701171875 0.022675781250000072 0.036640624999999954
0 0.6279296875 0.6673177083333334 0.025710937500000065 0.030171874999999914
0 0.57421875 0.13077604166666668 0.03533984374999992 0.038572916666666665
0 0.685546875 0.5680364583333334 0.02253906249999993 0.03481250000000007
0 0.67919921875 0.623375 0.024703124999999916 0.03369270833333336
0 0.68310546875 0.5986354166666668 0.022035156249999945 0.03454687499999996
0 0.61572265625 0.650390625 0.027113281249999944 0.032005208333333236
0 0.529296875 0.7493489583333334 0.023820312500000006 0.030291666666666592
0 0.66845703125 0.6468125 0.019164062499999978 0.02805729166666661
0 0.5498046875 0.7454427083333334 0.024660156250000044 0.03005208333333324
0 0.68798828125 0.5322291666666666 0.024382812500000028 0.03721354166666669
0 0.658203125 0.6337916666666668 0.020371093750000034 0.030354166666666772
0 0.58056640625 0.42578125 0.021363281250000022 0.035890625000000044
0 0.57177734375 0.7421875 0.02310156249999995 0.02520833333333338
0 0.53857421875 0.6901041666666666 0.027070312500000072 0.03224479166666659
0 0.23681640625 0.6634114583333334 0.02474999999999996 0.03692708333333338
2 0.33642578125 0.19173437499999998 0.09173437499999997 0.11775520833333335
0 0.62451171875 0.5504583333333334 0.027480468749999966 0.03318229166666668
2 0.41855078125 0.6383229166666666 0.14789062499999997 0.06577083333333343
0 0.475234375 0.6996354166666666 0.02756249999999998 0.04122395833333338
0 0.44360546875000006 0.698828125 0.036218749999999925 0.037765625000000115
0 0.4270546875 0.7069791666666667 0.021878906250000087 0.026822916666666665
0 0.5155624999999999 0.676921875 0.03064453124999993 0.06882812500000005
2 0.2656328125 0.27604687499999997 0.08134375 0.09395833333333335