0 0.5046875 0.309375 0.0453125 0.05625
2 0.398046875 0.5697916666666667 0.13671875 0.11666666666666667
2 0.44609375 0.6875 0.1265625 0.07291666666666667
2 0.491796875 0.7546875 0.10859375 0.078125
0 0.54296875 0.39479166666666665 0.04375 0.05416666666666667
0 0.53369140625 0.3401692708333333 0.042022705078125 0.054239908854166664
0 0.58154296875 0.3955078125 0.040008544921875 0.0528564453125
0 0.50830078125 0.26025390625 0.0390625 0.050333658854166664
0 0.59765625 0.4420572916666667 0.038604736328125 0.052164713541666664
0 0.55810546875 0.443359375 0.042388916015625 0.0533447265625
0 0.6103515625 0.3430989583333333 0.03875732421875 0.0509033203125
0 0.57470703125 0.3430989583333333 0.041473388671875 0.053059895833333336
0 0.560546875 0.2937825520833333 0.042388916015625 0.054443359375
0 0.61669921875 0.3919270833333333 0.036712646484375 0.048828125
0 0.63037109375 0.439453125 0.034088134765625 0.0489501953125
0 0.6005859375 0.2939453125 0.03948974609375 0.0504150390625
0 0.548828125 0.24853515625 0.040374755859375 0.05224609375
0 0.64892578125 0.3860677083333333 0.033538818359375 0.0482177734375
0 0.63427734375 0.4876302083333333 0.034881591796875 0.048014322916666664
0 0.60107421875 0.4899088541666667 0.0384521484375 0.049397786458333336
0 0.6689453125 0.3408203125 0.032470703125 0.046346028645833336
0 0.66162109375 0.4755859375 0.0318603515625 0.046590169270833336
0 0.53466796875 0.20621744791666666 0.039337158203125 0.047403971354166664
0 0.64111328125 0.3391927083333333 0.033203125 0.046671549479166664
0 0.65966796875 0.4309895833333333 0.0321044921875 0.047566731770833336
0 0.66162109375 0.2962239583333333 0.0328369140625 0.0450439453125
0 0.67626953125 0.3860677083333333 0.0299224853515625 0.045572916666666664
0 0.587890625 0.24674479166666666 0.03802490234375 0.046061197916666664
0 0.5712890625 0.20686848958333334 0.0384521484375 0.0474853515625
0 0.48388671875 0.18798828125 0.038909912109375 0.049112955729166664
0 0.63134765625 0.2947591145833333 0.0345458984375 0.046875
0 0.5166015625 0.17138671875 0.0386962890625 0.0458984375
0 0.6513671875 0.2569986979166667 0.0316162109375 0.0439453125
0 0.66552734375 0.5166015625 0.0310821533203125 0.043294270833333336
0 0.6220703125 0.2501627604166667 0.035675048828125 0.045572916666666664
0 0.6865234375 0.42578125 0.0293121337890625 0.044189453125
0 0.6064453125 0.572265625 0.034881591796875 0.041666666666666664
0 0.474853515625 0.15511067708333334 0.037109375 0.045817057291666664
0 0.634765625 0.568359375 0.0322265625 0.04248046875
0 0.4970703125 0.22509765625 0.03753662109375 0.056315104166666664
0 0.63671875 0.21549479166666666 0.032958984375 0.040445963541666664
0 0.63916015625 0.529296875 0.03289794921875 0.04443359375
0 0.55224609375 0.16959635416666666 0.037384033203125 0.042643229166666664
0 0.607421875 0.6064453125 0.03125 0.037068684895833336
0 0.6025390625 0.5345052083333334 0.036834716796875 0.044718424479166664
0 0.60546875 0.20670572916666666 0.0364990234375 0.0458984375
0 0.68701171875 0.4752604166666667 0.027740478515625 0.042724609375
0 0.6318359375 0.6282552083333334 0.0295867919921875 0.036580403645833336
0 0.46533203125 0.12467447916666667 0.03460693359375 0.049112955729166664
0 0.54150390625 0.14054361979166666 0.0374755859375 0.042887369791666664
0 0.6884765625 0.5143229166666666 0.025909423828125 0.038777669270833336
0 0.61865234375 0.18294270833333334 0.0333251953125 0.038716634114583336
0 0.60546875 0.15120442708333334 0.033905029296875 0.037618001302083336
0 0.634765625 0.6015625 0.0272216796875 0.036580403645833336
0 0.58837890625 0.17138671875 0.03521728515625 0.04083251953125
0 0.57421875 0.14005533854166666 0.0352783203125 0.039896647135416664
0 0.68408203125 0.5524088541666666 0.0247955322265625 0.036641438802083336
0 0.560546875 0.11344401041666667 0.0328369140625 0.036092122395833336
0 0.66064453125 0.5888671875 0.0266571044921875 0.035542805989583336
0 0.6611328125 0.556640625 0.027435302734375 0.039388020833333336
0 0.52880859375 0.112060546875 0.034759521484375 0.043131510416666664
0 0.5068359375 0.13785807291666666 0.03802490234375 0.04345703125
0 0.494140625 0.11328125 0.03204345703125 0.041361490885416664
0 0.66162109375 0.6145833333333334 0.0252685546875 0.030863444010416668
0 0.59375 0.12532552083333334 0.03167724609375 0.033243815104166664
0 0.68310546875 0.5833333333333334 0.0223236083984375 0.031880696614583336
0 0.5859375 0.478515625 0.021209716796875 0.037556966145833336
0 0.6826171875 0.6087239583333334 0.020965576171875 0.02801513671875
0 0.58935546875 0.7552083333333334 0.022247314453125 0.038777669270833336
0 0.626953125 0.7317708333333334 0.02630615234375 0.046590169270833336
0 0.607421875 0.75 0.021453857421875 0.0364990234375
0 0.59130859375 0.5615234375 0.017913818359375 0.030863444010416668
2 0.224609375 0.6354166666666666 0.03271484375 0.060465494791666664
2 0.351318359375 0.5732421875 0.0439453125 0.07865397135416667
0 0.59326171875 0.5885416666666666 0.0144500732421875 0.027587890625
2 0.325927734375 0.78125 0.054107666015625 0.052083333333333336
2 0.393798828125 0.5455729166666666 0.0970458984375 0.03338623046875
0 0.6455078125 0.7239583333333334 0.0225830078125 0.039835611979166664
2 0.292236328125 0.2688802083333333 0.0704345703125 0.11678059895833333
2 0.2744140625 0.2942708333333333 0.030853271484375 0.06477864583333333