0 0.5333984375 0.3302083333333333 0.042578125 0.05416666666666667
0 0.58251953125 0.38509375 0.03942968750000002 0.05216666666666671
0 0.5419921875 0.3834635416666667 0.044343749999999994 0.05436458333333339
0 0.57421875 0.33301041666666664 0.04016015624999998 0.0514739583333333
0 0.60986328125 0.3318697916666667 0.03839062500000008 0.0514739583333333
0 0.56103515625 0.2830416666666667 0.042238281250000044 0.05383333333333331
0 0.55908203125 0.43196875 0.042878906249999994 0.053062499999999936
0 0.59716796875 0.4313177083333333 0.039488281250000055 0.0525729166666667
0 0.6298828125 0.4296875 0.034242187499999945 0.04968229166666672
0 0.5146484375 0.23746875 0.03918359374999998 0.05025000000000001
0 0.50146484375 0.20263541666666668 0.03601171875000002 0.05395312500000002
0 0.64208984375 0.3302395833333333 0.03448437500000008 0.04968229166666672
0 0.6171875 0.3824895833333333 0.03634765625000007 0.049598958333333346
0 0.6708984375 0.3294270833333333 0.03185937499999998 0.045125000000000054
0 0.6630859375 0.2864583333333333 0.03173828125 0.04410937500000003
0 0.6748046875 0.375328125 0.032472656250000044 0.04536979166666662
0 0.634765625 0.478515625 0.03372265624999997 0.04634375000000001
0 0.59912109375 0.2849947916666667 0.03811718749999997 0.05139062500000001
0 0.6611328125 0.467125 0.03347656249999993 0.04748437500000004
0 0.53515625 0.18310416666666668 0.038820312500000044 0.050901041666666674
0 0.58642578125 0.23372395833333334 0.04031249999999993 0.05118749999999998
0 0.66064453125 0.4215520833333333 0.03332421874999998 0.0486666666666667
0 0.6328125 0.284015625 0.035066406249999994 0.050901041666666674
0 0.548828125 0.22119270833333332 0.039949218749999994 0.05053645833333332
0 0.64892578125 0.24593229166666666 0.031019531249999944 0.04410937499999997
0 0.60107421875 0.47949479166666664 0.038972656249999994 0.047645833333333346
0 0.607421875 0.200359375 0.03683593750000007 0.045286458333333356
0 0.64697265625 0.37890625 0.03488281250000007 0.049598958333333346
0 0.57177734375 0.188640625 0.03918359374999998 0.0493177083333333
0 0.685546875 0.414390625 0.029984375000000084 0.04321354166666668
0 0.64013671875 0.20768229166666666 0.03448437500000008 0.04152604166666667
0 0.623046875 0.171875 0.034605468750000055 0.038270833333333344
0 0.47143750000000006 0.142984375 0.03402734375000005 0.044270833333333336
0 0.5126953125 0.15144791666666665 0.03616406249999997 0.04247916666666665
0 0.6201171875 0.23828125 0.035218749999999945 0.045041666666666674
0 0.55615234375 0.15332291666666667 0.03869531249999998 0.04152604166666667
0 0.3571796875 0.256671875 0.04345703125 0.05643750000000001
0 0.39404296875 0.22705208333333332 0.04620312500000003 0.055380208333333354
0 0.60546875 0.141765625 0.03454687500000002 0.03871875000000002
0 0.3649921875 0.310875 0.04376171874999999 0.057291666666666664
0 0.6845703125 0.45801041666666664 0.029480468749999923 0.044802083333333326
0 0.58984375 0.1599114583333333 0.035402343750000044 0.03967187499999998
0 0.49341015625000006 0.10522395833333334 0.032472656250000044 0.04353645833333332
0 0.57470703125 0.13126562500000002 0.03616406249999997 0.04050520833333334
0 0.54052734375 0.13077604166666668 0.037046875000000055 0.045734375
0 0.52734375 0.10221354166666667 0.03436328124999992 0.037984375
0 0.685546875 0.49609375 0.030210937500000055 0.039609374999999974
0 0.63916015625 0.5895208333333334 0.03448437500000008 0.04067187500000007
0 0.6337890625 0.54525 0.04098437500000003 0.05423958333333333
0 0.50634765625 0.12556770833333336 0.035218749999999945 0.04050520833333334
0 0.56103515625 0.10335416666666666 0.03259375000000002 0.0329375
0 0.59375 0.11572395833333333 0.031675781250000055 0.03163541666666667
0 0.344484375 0.22428645833333333 0.037109375 0.04911458333333331
0 0.6396484375 0.64453125 0.030503906250000056 0.04067187500000007
0 0.66552734375 0.5830104166666668 0.026656249999999916 0.04067187500000007
0 0.6806640625 0.6223958333333334 0.023957031249999972 0.035276041666666674
0 0.66357421875 0.6048177083333334 0.025710937500000065 0.03501562500000001
0 0.38110546875000006 0.190265625 0.04016015625000002 0.046755208333333326
0 0.685546875 0.5690104166666666 0.023070312499999978 0.03623437500000008
0 0.61181640625 0.6490885416666666 0.03308203125000002 0.048093750000000074
0 0.6376953125 0.6201197916666668 0.03192187499999992 0.0367031249999999
0 0.56884765625 0.7428385416666666 0.023695312499999944 0.031697916666666735
0 0.58447265625 0.70703125 0.025222656250000065 0.03407812499999992
0 0.68310546875 0.6005885416666668 0.022886718750000055 0.03657812500000001
0 0.59765625 0.6588541666666666 0.024230468750000077 0.04443229166666664
0 0.56787109375 0.7180989583333334 0.023726562499999916 0.032572916666666646
0 0.66064453125 0.6337916666666668 0.023652343750000072 0.03318229166666668
0 0.66748046875 0.6477864583333334 0.021210937500000072 0.031229166666666686
0 0.54638671875 0.7220052083333334 0.024230468750000077 0.03057812500000002
0 0.54931640625 0.7467447916666666 0.023558593749999978 0.032755208333333265
0 0.62744140625 0.6979166666666666 0.023910156250000016 0.03568749999999999
0 0.64453125 0.6940104166666666 0.023910156250000016 0.041218749999999936
0 0.658203125 0.5338541666666666 0.030730468750000028 0.04418750000000002
0 0.607421875 0.7063802083333334 0.02456640624999995 0.028156249999999973
0 0.35669140625 0.6087239583333334 0.032777343750000035 0.03960937500000009
0 0.6103515625 0.73046875 0.021210937500000072 0.031697916666666735
0 0.64697265625 0.72265625 0.021773437499999916 0.029031249999999887
0 0.58447265625 0.4723333333333333 0.018769531250000072 0.03792187499999997
0 0.62890625 0.7298177083333334 0.020765624999999944 0.029947916666666668
0 0.5908203125 0.75390625 0.02310156249999995 0.027000000000000076
0 0.359375 0.5843125 0.03259375000000002 0.03692708333333338
0 0.68701171875 0.53125 0.024230468750000077 0.03649999999999996
2 0.41845703125 0.77734375 0.09600781250000004 0.12337500000000005
0 0.34790234375 0.6474635416666668 0.029921874999999966 0.038270833333333344
0 0.6767578125 0.5192083333333334 0.029207031249999994 0.03601041666666672
2 0.28515625 0.2649739583333333 0.06671093749999998 0.11263020833333333
0 0.39208984375 0.6031927083333334 0.0341796875 0.0360937500000001
2 0.3359375 0.6703125 0.371875 0.6911458333333333 0.378125 0.6869791666666667 0.384765625 0.6854166666666667 0.390234375 0.6760416666666667 0.41171875 0.6125 0.415234375 0.6067708333333334 0.42734375 0.5729166666666666 0.429296875 0.5609375 0.43359375 0.5526041666666667 0.435546875 0.5328125 0.443359375 0.5171875 0.45 0.4901041666666667 0.45 0.4864583333333333 0.447265625 0.48072916666666665 0.426171875 0.4588541666666667 0.417578125 0.45729166666666665 0.408203125 0.4510416666666667 0.399609375 0.4510416666666667 0.39296875 0.45625 0.378515625 0.4869791666666667 0.365234375 0.509375 0.366796875 0.5130208333333334 0.363671875 0.5270833333333333 0.343359375 0.5557291666666667 0.337890625 0.5828125 0.337109375 0.6 0.33359375 0.6151041666666667 0.3296875 0.6578125 0.3359375 0.6703125
2 0.444921875 0.6453125 0.4453125 0.6541666666666667 0.44375 0.6578125 0.44609375 0.6692708333333334 0.4515625 0.6786458333333333 0.462890625 0.6916666666666667 0.478515625 0.6921875 0.486328125 0.7026041666666667 0.496875 0.703125 0.55234375 0.6963541666666667 0.559765625 0.6927083333333334 0.564453125 0.6942708333333333 0.574609375 0.6848958333333334 0.584765625 0.68125 0.587109375 0.6776041666666667 0.582421875 0.6015625 0.597265625 0.5927083333333333 0.604296875 0.5833333333333334 0.607421875 0.571875 0.607421875 0.5635416666666667 0.603125 0.5395833333333333 0.59921875 0.5291666666666667 0.584375 0.525 0.5796875 0.5203125 0.573046875 0.5276041666666667 0.56796875 0.5244791666666667 0.562890625 0.5291666666666667 0.562109375 0.534375 0.559375 0.5380208333333333 0.525390625 0.5526041666666667 0.519921875 0.55625 0.51875 0.5604166666666667 0.512109375 0.5614583333333333 0.501953125 0.5666666666666667 0.493359375 0.5677083333333334 0.486328125 0.571875 0.48125 0.5776041666666667 0.46640625 0.5786458333333333 0.45859375 0.5838541666666667 0.443359375 0.5875 0.434765625 0.6161458333333333 0.434375 0.6302083333333334 0.444921875 0.6453125
0 0.49235546875 0.6382656250000001 0.03921484374999995 0.058010416666666724
0 0.5248437499999999 0.6481250000000001 0.03248828125000003 0.05065104166666667
2 0.305875 0.41878645833333333 0.10527734375 0.13855729166666667
2 0.2746328125 0.3689427083333333 0.07993749999999995 0.11229166666666662
0 0.397265625 0.3421875 0.404296875 0.35052083333333334 0.41171875 0.3546875 0.421875 0.3546875 0.435546875 0.3463541666666667 0.442578125 0.3375 0.44140625 0.3296875 0.438671875 0.325 0.4375 0.3125 0.433984375 0.3026041666666667 0.43046875 0.296875 0.424609375 0.29375 0.415625 0.29322916666666665 0.40390625 0.3 0.397265625 0.309375 0.394140625 0.32135416666666666 0.394140625 0.33229166666666665 0.397265625 0.3421875
0 0.38046875 0.2916666666666667 0.387109375 0.2994791666666667 0.39609375 0.30520833333333336 0.41640625 0.29270833333333335 0.427734375 0.290625 0.4265625 0.2864583333333333 0.427734375 0.2828125 0.425390625 0.27708333333333335 0.4234375 0.2625 0.41796875 0.25364583333333335 0.412109375 0.2484375 0.401953125 0.24739583333333334 0.38984375 0.2526041666666667 0.382421875 0.2625 0.37890625 0.2734375 0.378515625 0.28229166666666666 0.38046875 0.2916666666666667
0 0.38557031249999996 0.3573541666666667 0.04527734374999999 0.051479166666666624
2 0.305859375 0.24791666666666667 0.312890625 0.2515625 0.312890625 0.2557291666666667 0.31796875 0.26666666666666666 0.322265625 0.296875 0.333984375 0.353125 0.34140625 0.37552083333333336 0.346484375 0.4036458333333333 0.349609375 0.409375 0.362109375 0.40989583333333335 0.37734375 0.40260416666666665 0.388671875 0.4036458333333333 0.43203125 0.3776041666666667 0.441015625 0.3692708333333333 0.45078125 0.3651041666666667 0.455078125 0.35885416666666664 0.458984375 0.3578125 0.4625 0.353125 0.456640625 0.3260416666666667 0.433203125 0.2515625 0.427734375 0.228125 0.412109375 0.18697916666666667 0.398046875 0.1578125 0.396484375 0.15 0.392578125 0.1453125 0.383203125 0.13854166666666667 0.37421875 0.13854166666666667 0.353125 0.15364583333333334 0.32890625 0.17447916666666666 0.3234375 0.18125 0.32265625 0.19739583333333333 0.312109375 0.20885416666666667 0.31015625 0.2125 0.311328125 0.21666666666666667 0.30703125 0.2203125 0.306640625 0.22447916666666667 0.29765625 0.225 0.296484375 0.21197916666666666 0.29453125 0.21145833333333333 0.294921875 0.24739583333333334 0.305859375 0.24791666666666667