2 0.38020703125 0.38841145833333335 0.19791796874999998 0.5018177083333333
0 0.52309765625 0.29332291666666666 0.063671875 0.0616510416666667
0 0.50634765625 0.19742708333333334 0.035890625000000044 0.04394791666666666
0 0.5810546875 0.3854166666666667 0.03942968750000002 0.054036458333333336
0 0.5361328125 0.18180208333333334 0.03683593750000007 0.04418750000000002
0 0.62060546875 0.23828125 0.03515625 0.046755208333333326
0 0.6298828125 0.4296875 0.03436328124999992 0.048947916666666674
0 0.60009765625 0.2853177083333333 0.03823828124999995 0.052651041666666655
0 0.57470703125 0.3336614583333333 0.04016015624999998 0.052734375
0 0.51513671875 0.23779166666666668 0.03839062500000008 0.050416666666666644
0 0.5615234375 0.2820625 0.04031249999999993 0.052083333333333336
0 0.61767578125 0.3821614583333333 0.037046875000000055 0.04976562499999997
0 0.66015625 0.4215520833333333 0.03234765624999998 0.04821874999999996
0 0.64208984375 0.3294270833333333 0.03366015625000003 0.04911458333333331
0 0.55908203125 0.4322916666666667 0.042726562500000044 0.054036458333333336
0 0.5712890625 0.1875 0.038820312500000044 0.04748437499999998
0 0.6708984375 0.3299166666666667 0.031203125000000043 0.044187499999999956
0 0.6337890625 0.283203125 0.03488281250000007 0.048828125
0 0.6103515625 0.332359375 0.037687500000000006 0.052369791666666644
0 0.58642578125 0.23486458333333332 0.03955078125 0.05216666666666665
0 0.47778515625000006 0.17871354166666667 0.03689453124999993 0.056760416666666674
0 0.59814453125 0.4313177083333333 0.03875781249999992 0.0525729166666667
0 0.607421875 0.19986979166666666 0.03643750000000008 0.04435416666666665
0 0.53271484375 0.33105729166666664 0.043214843750000044 0.05708854166666662
0 0.650390625 0.24544270833333334 0.031082031250000065 0.04223437500000002
0 0.54931640625 0.22281770833333334 0.03875781249999992 0.05293749999999999
0 0.5068359375 0.12735937500000002 0.035218749999999945 0.04050520833333334
0 0.6611328125 0.466796875 0.033140625000000055 0.04634375000000001
0 0.57421875 0.12939583333333332 0.034242187499999945 0.036989583333333326
0 0.6630859375 0.2866197916666666 0.030792968749999972 0.04272395833333332
0 0.63525390625 0.4781927083333333 0.034242187499999945 0.04911458333333331
0 0.59130859375 0.160890625 0.03567578124999997 0.039833333333333346
0 0.6474609375 0.37988541666666664 0.03436328124999992 0.049598958333333346
0 0.5126953125 0.1501458333333333 0.035554687499999994 0.03997916666666666
0 0.60205078125 0.48046875 0.03918359374999998 0.05224479166666664
0 0.6396484375 0.20719270833333334 0.03308203125000002 0.04050520833333333
0 0.55615234375 0.15275 0.038175781250000006 0.039671874999999995
0 0.67529296875 0.3756510416666667 0.03137109374999998 0.045041666666666674
0 0.623046875 0.17057291666666666 0.03338671874999992 0.0386354166666667
0 0.5888671875 0.5348333333333334 0.03698828125000002 0.04667187500000001
0 0.60546875 0.14152083333333335 0.0341796875 0.03849479166666665
0 0.47241406250000006 0.142984375 0.03500390625000005 0.04152604166666667
0 0.685546875 0.4576822916666667 0.028015624999999923 0.04256250000000002
0 0.54052734375 0.12874479166666666 0.03549218750000005 0.042072916666666654
0 0.49365234375 0.10408333333333333 0.03253125000000008 0.04075
0 0.6865234375 0.41504166666666664 0.027953124999999978 0.042317708333333336
0 0.6865234375 0.49707291666666664 0.029753906250000028 0.04044791666666671
0 0.52734375 0.10115625 0.033203125 0.035807291666666664
0 0.63916015625 0.552734375 0.031675781250000055 0.0452864583333333
0 0.6416015625 0.58821875 0.028929687499999978 0.03792187499999997
0 0.62451171875 0.5205104166666666 0.03732421875000007 0.04996874999999997
0 0.56103515625 0.10261979166666667 0.03204296875000008 0.03263541666666668
0 0.56103515625 0.486328125 0.04248046875 0.05578645833333328
0 0.59423828125 0.11507291666666666 0.03161718750000002 0.03064062499999999
0 0.63916015625 0.6419270833333334 0.027070312500000072 0.0360104166666666
0 0.62939453125 0.6653645833333334 0.025863281250000016 0.027427083333333258
0 0.666015625 0.5778020833333334 0.02726562500000007 0.0367031249999999
0 0.615234375 0.6484375 0.028441406249999978 0.03369270833333336
0 0.61669921875 0.6243489583333334 0.029753906250000028 0.03568749999999999
0 0.603515625 0.6751302083333334 0.026109375000000056 0.03135416666666657
0 0.6474609375 0.6595052083333334 0.022843750000000006 0.02711979166666675
0 0.64013671875 0.61946875 0.025375000000000016 0.03338541666666662
0 0.6083984375 0.7076822916666666 0.024140625000000072 0.02752604166666662
0 0.58642578125 0.7135416666666666 0.024476562499999945 0.026854166666666637
0 0.626953125 0.6966145833333334 0.02377343750000005 0.0319427083333333
0 0.66455078125 0.6067708333333334 0.025910156249999972 0.03230729166666677
0 0.62939453125 0.7122395833333334 0.022371093749999994 0.030354166666666772
0 0.60986328125 0.732421875 0.021042968749999957 0.02801562499999998
2 0.26953125 0.3736979166666667 0.06008984374999997 0.09610937499999998
2 0.28540234375 0.51171875 0.05758593750000003 0.1617031250000001
0 0.5712890625 0.736328125 0.021453125000000028 0.025307291666666742
0 0.68359375 0.597984375 0.022078124999999994 0.03501562500000001
0 0.61474609375 0.5914739583333334 0.031144531250000006 0.035484375000000054
0 0.6787109375 0.6240260416666668 0.02456640624999995 0.03176041666666667
0 0.59765625 0.6588541666666666 0.0224609375 0.040281250000000074
0 0.625 0.5524114583333334 0.02433593750000007 0.032937499999999884
0 0.6455078125 0.6940104166666666 0.023863281250000055 0.03623437500000008
0 0.56787109375 0.7161458333333334 0.02009765624999993 0.02854166666666676
2 0.33349609375 0.19140625 0.10089062499999998 0.11759374999999998
0 0.62841796875 0.728515625 0.02001953125 0.023703125000000113
0 0.66796875 0.6468125 0.020445312500000055 0.027463541666666678
0 0.5908203125 0.7291666666666666 0.022582031249999978 0.02482291666666659
0 0.68798828125 0.53125 0.024429687499999984 0.035218749999999945
0 0.65966796875 0.633140625 0.021117187499999978 0.02943749999999999
0 0.68603515625 0.568359375 0.021242187500000044 0.0325104166666667
0 0.64697265625 0.720703125 0.020570312499999945 0.024171874999999923
2 0.41360156249999996 0.6603177083333333 0.19145703125000005 0.08996354166666667