0 0.319140625 0.25677083333333334 0.04609375 0.046875
0 0.32796214863196643 0.30409781825609145 0.04958350049755271 0.05316799019037148
0 0.3372350249996131 0.3586981546134666 0.05179360577638255 0.0803701188099326
0 0.34655596498416924 0.4552909283451979 0.05409983828903133 0.05702826077203606
0 0.3649575855186632 0.5018775620799764 0.045739818743090674 0.059234393385992234
0 0.37653667973647637 0.5439152417103393 0.037187632704405615 0.06643611755747827
2 0.44894204065114723 0.6889593619251304 0.1839201954109783 0.07465436265984735
2 0.367578125 0.3684895833333333 0.165625 0.4609375
2 0.4234375 0.6380208333333334 0.11328125 0.07083333333333333
0 0.5410641129975745 0.3378373854377607 0.052629821366953246 0.07931362154341398
0 0.5650279880675502 0.27842123794886936 0.04693786293251989 0.04847264320051974
2 0.4453125 0.7265625 0.140380859375 0.19059244791666666
0 0.5732421875 0.3336588541666667 0.039794921875 0.0528564453125
0 0.599609375 0.2858072916666667 0.03875732421875 0.0533447265625
0 0.6103515625 0.3330078125 0.0384521484375 0.052571614583333336
0 0.6171875 0.3824869791666667 0.037689208984375 0.0504150390625
0 0.5859375 0.23567708333333334 0.04046630859375 0.054972330729166664
0 0.6416015625 0.3294270833333333 0.033843994140625 0.0484619140625
0 0.51513671875 0.2884114583333333 0.040985107421875 0.05859375
0 0.57177734375 0.18815104166666666 0.0394287109375 0.049397786458333336
0 0.580078125 0.3854166666666667 0.043365478515625 0.054158528645833336
0 0.63330078125 0.2830403645833333 0.03533935546875 0.049763997395833336
0 0.53515625 0.18229166666666666 0.038543701171875 0.050699869791666664
0 0.50244140625 0.20263671875 0.037750244140625 0.054239908854166664
0 0.60693359375 0.20100911458333334 0.03662109375 0.0458984375
0 0.64697265625 0.37890625 0.034088134765625 0.048380533854166664
0 0.59521484375 0.431640625 0.041229248046875 0.054158528645833336
0 0.548828125 0.2236328125 0.0390625 0.055379231770833336
0 0.63427734375 0.4772135416666667 0.034027099609375 0.046346028645833336
0 0.66259765625 0.2859700520833333 0.0305633544921875 0.042805989583333336
0 0.6494140625 0.24593098958333334 0.0313720703125 0.044352213541666664
0 0.6708984375 0.3297526041666667 0.0309600830078125 0.044189453125
0 0.66015625 0.421875 0.03271484375 0.04931640625
0 0.51318359375 0.15193684895833334 0.0360107421875 0.041748046875
0 0.6748046875 0.3753255208333333 0.031494140625 0.044881184895833336
0 0.55615234375 0.15462239583333334 0.03839111328125 0.041605631510416664
0 0.66015625 0.4664713541666667 0.0341796875 0.048746744791666664
0 0.6201171875 0.23942057291666666 0.035675048828125 0.047403971354166664
0 0.62939453125 0.4300130208333333 0.034881591796875 0.050333658854166664
0 0.64013671875 0.20751953125 0.033782958984375 0.040669759114583336
0 0.5146484375 0.23746744791666666 0.038238525390625 0.049601236979166664
0 0.59033203125 0.15974934895833334 0.035736083984375 0.039388020833333336
0 0.60107421875 0.4788411458333333 0.040252685546875 0.048746744791666664
0 0.685546875 0.4143880208333333 0.029205322265625 0.043782552083333336
0 0.6240234375 0.1708984375 0.034881591796875 0.038126627604166664
0 0.471923828125 0.14225260416666666 0.033966064453125 0.042073567708333336
0 0.60546875 0.14249674479166666 0.03460693359375 0.037841796875
0 0.6845703125 0.4586588541666667 0.0287628173828125 0.044718424479166664
0 0.5400390625 0.12939453125 0.03521728515625 0.043294270833333336
0 0.5751953125 0.13102213541666666 0.03436279296875 0.03857421875
0 0.5068359375 0.126220703125 0.035614013671875 0.039835611979166664
0 0.63916015625 0.5520833333333334 0.03155517578125 0.045735677083333336
0 0.59765625 0.57421875 0.036712646484375 0.046061197916666664
0 0.6220703125 0.51953125 0.038543701171875 0.049397786458333336
0 0.493896484375 0.10465494791666667 0.03326416015625 0.04248046875
0 0.64111328125 0.5904947916666666 0.0278472900390625 0.03961181640625
0 0.52734375 0.101318359375 0.033966064453125 0.037556966145833336
0 0.68603515625 0.49609375 0.029205322265625 0.040059407552083336
0 0.58544921875 0.5231119791666666 0.04107666015625 0.055908203125
0 0.6650390625 0.5804036458333334 0.026702880859375 0.040201822916666664
0 0.5615234375 0.10335286458333333 0.03289794921875 0.03363037109375
0 0.5947265625 0.11531575520833333 0.03125 0.030354817708333332
0 0.63916015625 0.6432291666666666 0.0271148681640625 0.036641438802083336
0 0.5888671875 0.6383463541666666 0.02801513671875 0.033955891927083336
0 0.58740234375 0.6097005208333334 0.0312042236328125 0.038716634114583336
0 0.65869140625 0.5338541666666666 0.03277587890625 0.0450439453125
0 0.615234375 0.5908203125 0.0290374755859375 0.03997802734375
0 0.6162109375 0.6246744791666666 0.0285491943359375 0.03521728515625
0 0.6640625 0.6064453125 0.0247039794921875 0.032368977864583336
0 0.5888671875 0.6611328125 0.0282745361328125 0.034159342447916664
0 0.6474609375 0.6598307291666666 0.0224151611328125 0.028157552083333332
0 0.64404296875 0.693359375 0.0252227783203125 0.038126627604166664
0 0.62890625 0.6666666666666666 0.0255126953125 0.030171712239583332
0 0.5791015625 0.4274088541666667 0.0199127197265625 0.03857421875
0 0.615234375 0.6510416666666666 0.02691650390625 0.032694498697916664
0 0.323974609375 0.4944661458333333 0.0224609375 0.039754231770833336
0 0.5859375 0.470703125 0.02276611328125 0.039388020833333336
0 0.6826171875 0.6005859375 0.0233306884765625 0.038126627604166664
0 0.67919921875 0.6236979166666666 0.0251312255859375 0.03363037109375
0 0.68603515625 0.568359375 0.0219879150390625 0.0352783203125
0 0.6279296875 0.7122395833333334 0.020294189453125 0.031595865885416664
0 0.281005859375 0.6214192708333334 0.0250396728515625 0.036783854166666664
0 0.66015625 0.6331380208333334 0.021697998046875 0.030985514322916668
0 0.34765625 0.23388671875 0.0258026123046875 0.0467529296875
0 0.5771484375 0.5921223958333334 0.0207977294921875 0.038716634114583336
0 0.47412109375 0.19449869791666666 0.026153564453125 0.0374755859375
0 0.66796875 0.6468098958333334 0.0191192626953125 0.026692708333333332
0 0.62841796875 0.73046875 0.021087646484375 0.031941731770833336
0 0.68798828125 0.5322265625 0.0237274169921875 0.03643798828125
0 0.6767578125 0.7076822916666666 0.0228424072265625 0.031351725260416664
0 0.341796875 0.5143229166666666 0.019378662109375 0.027425130208333332
0 0.59228515625 0.7506510416666666 0.021575927734375 0.030293782552083332
0 0.65185546875 0.7200520833333334 0.0177154541015625 0.027587890625
0 0.6435546875 0.732421875 0.0165863037109375 0.025105794270833332
0 0.68359375 0.689453125 0.0186920166015625 0.024495442708333332
0 0.67578125 0.7897135416666666 0.02069091796875 0.017161051432291668