0 0.484375 0.19583333333333333 0.4859375 0.20052083333333334 0.49453125 0.21197916666666666 0.509375 0.20989583333333334 0.517578125 0.20260416666666667 0.51953125 0.19739583333333333 0.52265625 0.16979166666666667 0.5140625 0.15520833333333334 0.507421875 0.15208333333333332 0.49921875 0.1515625 0.48828125 0.1578125 0.4828125 0.165625 0.4828125 0.1859375 0.484375 0.19583333333333333
0 0.48398046875 0.14856250000000001 0.045250000000000054 0.04828645833333334
0 0.458984375 0.14427083333333332 0.474609375 0.1296875 0.4828125 0.12864583333333332 0.486328125 0.13020833333333334 0.4890625 0.125 0.489453125 0.11458333333333333 0.487890625 0.109375 0.478515625 0.0984375 0.465625 0.09895833333333333 0.4609375 0.10260416666666666 0.453515625 0.11510416666666666 0.45390625 0.13072916666666667 0.458984375 0.14427083333333332
0 0.478125 0.0984375 0.486328125 0.10572916666666667 0.48984375 0.10364583333333334 0.488671875 0.10104166666666667 0.4953125 0.090625 0.509765625 0.084375 0.509765625 0.071875 0.50390625 0.06510416666666667 0.496875 0.06197916666666667 0.485546875 0.0625 0.477734375 0.06875 0.474609375 0.07552083333333333 0.47578125 0.09166666666666666 0.478125 0.0984375
0 0.521484375 0.09166666666666666 0.54453125 0.0875 0.543359375 0.07239583333333334 0.5328125 0.06145833333333333 0.523046875 0.0609375 0.5140625 0.06614583333333333 0.510546875 0.071875 0.5109375 0.0828125 0.521484375 0.09166666666666666
0 0.55625 0.09427083333333333 0.576953125 0.08697916666666666 0.576953125 0.08072916666666667 0.5734375 0.071875 0.568359375 0.0671875 0.559375 0.06510416666666667 0.5484375 0.07083333333333333 0.545703125 0.07447916666666667 0.54609375 0.08333333333333333 0.55625 0.09427083333333333
0 0.591796875 0.10572916666666667 0.60859375 0.1046875 0.611328125 0.10260416666666666 0.607421875 0.08645833333333333 0.599609375 0.07864583333333333 0.594140625 0.07760416666666667 0.587109375 0.0796875 0.58046875 0.08541666666666667 0.58125 0.09114583333333333 0.591796875 0.10572916666666667
0 0.557109375 0.12831770833333334 0.03980078124999995 0.032536458333333344
0 0.588671875 0.15104166666666666 0.603125 0.15416666666666667 0.6078125 0.14635416666666667 0.60859375 0.13802083333333334 0.60546875 0.13125 0.591796875 0.11875 0.5796875 0.12135416666666667 0.574609375 0.128125 0.575390625 0.13958333333333334 0.588671875 0.15104166666666666
0 0.6125 0.13854166666666667 0.615234375 0.1390625 0.618359375 0.14583333333333334 0.615234375 0.15052083333333333 0.619140625 0.1609375 0.62578125 0.16614583333333333 0.63203125 0.16614583333333333 0.638671875 0.165625 0.646484375 0.15885416666666666 0.642578125 0.1546875 0.6390625 0.14322916666666666 0.629296875 0.13072916666666667 0.6234375 0.13020833333333334 0.61875 0.13541666666666666 0.6125 0.13854166666666667
0 0.601171875 0.12552083333333333 0.607421875 0.13333333333333333 0.611328125 0.13489583333333333 0.619921875 0.13229166666666667 0.62421875 0.12708333333333333 0.6203125 0.11145833333333334 0.611328125 0.1015625 0.59453125 0.1046875 0.59140625 0.11041666666666666 0.591015625 0.11927083333333334 0.601171875 0.12552083333333333
0 0.5900195312500001 0.21284375000000003 0.04083593749999999 0.04408333333333333
2 0.387265625 0.34587500000000004 0.17776953124999997 0.44603124999999993
2 0.251953125 0.2989583333333333 0.2578125 0.3026041666666667 0.271484375 0.30104166666666665 0.284765625 0.2833333333333333 0.284375 0.28020833333333334 0.287109375 0.27291666666666664 0.291015625 0.2671875 0.287109375 0.2515625 0.283984375 0.24739583333333334 0.286328125 0.24010416666666667 0.291187279296875 0.232699740625 0.30472968749999996 0.24835260416666666 0.30068125 0.23169947916666667 0.29427109375 0.18669010416666668 0.2515625 0.24427083333333333 0.246484375 0.2630208333333333 0.237890625 0.2984375 0.241015625 0.3 0.251953125 0.2989583333333333
2 0.3375 0.6067708333333334 0.33828125 0.6145833333333334 0.353515625 0.6458333333333334 0.35703125 0.65 0.360546875 0.65 0.361328125 0.6546875 0.373828125 0.6588541666666666 0.384375 0.671875 0.39453125 0.6760416666666667 0.44453125 0.6744791666666666 0.48515625 0.6666666666666666 0.497265625 0.6625 0.509765625 0.6666666666666666 0.515625 0.6640625 0.521875 0.6640625 0.530859375 0.6520833333333333 0.530078125 0.6369791666666667 0.53203125 0.6307291666666667 0.53203125 0.6229166666666667 0.5296875 0.6161458333333333 0.529296875 0.6020833333333333 0.52578125 0.5958333333333333 0.528515625 0.5916666666666667 0.522265625 0.5703125 0.51953125 0.5661458333333333 0.51484375 0.5645833333333333 0.4859375 0.5666666666666667 0.475 0.5708333333333333 0.466015625 0.5708333333333333 0.450390625 0.5765625 0.440234375 0.5776041666666667 0.4328125 0.5817708333333333 0.42109375 0.5828125 0.415625 0.5859375 0.40078125 0.5890625 0.38828125 0.5880208333333333 0.3791015625 0.590625 0.374609375 0.5880208333333333 0.37265625 0.5833333333333334 0.35625 0.5791666666666667 0.34765625 0.5838541666666667 0.34140625 0.5916666666666667 0.342578125 0.5953125 0.339453125 0.5989583333333334 0.340234375 0.603125 0.3375 0.6067708333333334
0 0.6328125 0.4427083333333333 0.63671875 0.4505208333333333 0.64453125 0.4588541666666667 0.66171875 0.4713541666666667 0.688671875 0.4546875 0.690625 0.4505208333333333 0.689453125 0.4390625 0.683984375 0.4354166666666667 0.686328125 0.4317708333333333 0.687109375 0.421875 0.690234375 0.4197916666666667 0.6890625 0.41822916666666665 0.664453125 0.41041666666666665 0.66171875 0.4114583333333333 0.660546875 0.4161458333333333 0.6578125 0.41822916666666665 0.63828125 0.41354166666666664 0.632421875 0.4197916666666667 0.631640625 0.43645833333333334 0.6328125 0.4427083333333333
0 0.6446562499999999 0.3554322916666666 0.048714843750000014 0.04497916666666661
0 0.5961289062499999 0.2729427083333333 0.04319531249999997 0.06659374999999998
0 0.65608203125 0.21982812499999999 0.03238281250000004 0.03793229166666669
0 0.610390625 0.17478125 0.03102343750000003 0.04369270833333332
0 0.667609375 0.5201770833333333 0.03471484374999996 0.04709375000000004
0 0.6383671875 0.5587083333333334 0.04294140624999994 0.09997916666666669
0 0.6049492187500001 0.5640572916666666 0.03309374999999992 0.05541145833333327
0 0.59889453125 0.6213385416666667 0.02292578125000002 0.034390625000000105
0 0.57075390625 0.6560677083333334 0.032058593750000065 0.062401041666666636
0 0.5465312499999999 0.6567395833333334 0.024417968750000085 0.0637447916666666
0 0.4735078125 0.6960312500000001 0.02279687500000005 0.030067708333333342
0 0.5023593749999999 0.694046875 0.024156250000000056 0.034734375000000026
0 0.48571484375 0.7177552083333333 0.012886718749999915 0.019114583333333237
0 0.6154296875 0.7199166666666666 0.04730468749999996 0.06824999999999998
0 0.66139453125 0.5992604166666666 0.044519531249999925 0.08973437499999998