2 0.3724609375 0.375 0.179296875 0.4666666666666667
0 0.5281328125 0.3511197916666667 0.0591796875 0.07506770833333327
0 0.5280390625 0.45568229166666663 0.04566796874999994 0.08121875000000003
0 0.54052734375 0.3961614583333333 0.043031249999999945 0.05517708333333336
0 0.56982421875 0.3278020833333333 0.043703125000000044 0.05436458333333327
0 0.58056640625 0.3863958333333333 0.04217578124999992 0.05423958333333338
0 0.560546875 0.441734375 0.04113671874999998 0.053953124999999956
0 0.5625 0.2791354166666667 0.043214843750000044 0.0548489583333333
0 0.61669921875 0.383140625 0.037687500000000006 0.05159374999999997
0 0.6064453125 0.32503125 0.03823828124999995 0.050130208333333336
0 0.6396484375 0.3279635416666667 0.03488281250000007 0.04874479166666663
0 0.6748046875 0.3756510416666667 0.03192187499999992 0.04520833333333331
0 0.59716796875 0.4313177083333333 0.03955078125 0.053953124999999956
0 0.66943359375 0.33040625 0.031800781249999945 0.04520833333333331
0 0.60107421875 0.2778333333333334 0.03774999999999995 0.05159374999999997
0 0.64697265625 0.3785833333333333 0.034242187499999945 0.047645833333333346
0 0.6630859375 0.287109375 0.03091406249999995 0.04463541666666669
0 0.583984375 0.23502604166666666 0.04083203125000008 0.05497395833333331
0 0.66064453125 0.4215520833333333 0.033140625000000055 0.048947916666666674
0 0.685546875 0.41504166666666664 0.029250000000000043 0.04345833333333336
0 0.60107421875 0.48046875 0.039949218749999994 0.051109375000000054
0 0.63330078125 0.2827135416666666 0.03500390625000005 0.04821874999999999
0 0.62890625 0.4303385416666667 0.03500390625000005 0.050984375000000054
0 0.634765625 0.47884375 0.0341796875 0.04829687500000001
0 0.50244140625 0.20068229166666668 0.03759765625 0.05334374999999998
0 0.54345703125 0.24251562499999998 0.04132031250000008 0.056640625
0 0.56201171875 0.4986979166666667 0.04360937499999995 0.057619791666666725
0 0.64892578125 0.24593229166666666 0.031082031250000065 0.04370312499999998
0 0.68505859375 0.45801041666666664 0.027527343749999923 0.04345833333333336
0 0.66064453125 0.4654947916666667 0.033203125 0.04748437500000004
0 0.63232421875 0.5224635416666666 0.03353906250000005 0.045817708333333346
0 0.60693359375 0.20068229166666668 0.036558593750000055 0.04536979166666667
0 0.53466796875 0.18489583333333334 0.03823828124999995 0.05477083333333332
0 0.47216796875 0.14225520833333333 0.03430078124999998 0.04199479166666666
0 0.63916015625 0.20801041666666667 0.032472656250000044 0.04223437500000002
0 0.51318359375 0.15144791666666665 0.03628515624999995 0.042645833333333334
0 0.47802734375 0.17936458333333333 0.03689453124999993 0.05867708333333332
0 0.6611328125 0.5078125 0.03234765624999998 0.04536979166666662
0 0.61962890625 0.23958333333333334 0.03567578124999997 0.04667187500000001
0 0.623046875 0.17171354166666666 0.03353906250000005 0.03863541666666664
0 0.6865234375 0.4977239583333333 0.02670312500000005 0.04128125
0 0.59716796875 0.5729166666666666 0.037109375 0.04528645833333324
0 0.55615234375 0.15438020833333335 0.038972656249999994 0.043458333333333314
0 0.595703125 0.5260416666666666 0.03891015625000005 0.04968229166666666
0 0.56982421875 0.19238541666666667 0.04067968749999995 0.057822916666666654
0 0.49365234375 0.10465624999999999 0.03301953125000008 0.042479166666666665
0 0.5048828125 0.12711458333333334 0.03430078124999998 0.041057291666666676
0 0.59033203125 0.15999479166666666 0.035554687499999994 0.04152604166666667
0 0.6416015625 0.5895208333333334 0.028976562499999935 0.0372708333333333
0 0.60546875 0.142984375 0.03454687500000002 0.039390625
0 0.52734375 0.10245833333333333 0.0341796875 0.03849479166666668
0 0.6142578125 0.5904947916666666 0.032164062500000055 0.03997916666666678
0 0.650390625 0.66796875 0.024992187500000006 0.03649999999999996
0 0.54052734375 0.13102083333333334 0.03628515624999995 0.046062499999999985
0 0.35815625 0.318359375 0.03515625 0.057822916666666654
0 0.58837890625 0.63671875 0.029921874999999966 0.03513541666666668
0 0.64111328125 0.5559895833333334 0.030671874999999994 0.04083333333333338
0 0.63916015625 0.640953125 0.026960937499999994 0.035276041666666674
0 0.5859375 0.6090520833333334 0.032960937500000044 0.038411458333333336
0 0.337890625 0.3961614583333333 0.044859374999999965 0.057291666666666664
0 0.58837890625 0.6624375 0.029312499999999984 0.0360937500000001
0 0.66357421875 0.6064479166666668 0.026109375000000056 0.033510416666666744
0 0.57421875 0.13102083333333334 0.03527734374999998 0.04014062500000001
0 0.3486328125 0.4508489583333333 0.04248046875 0.05814583333333338
0 0.66650390625 0.544921875 0.027433593750000006 0.03989583333333328
0 0.61572265625 0.625 0.029312499999999984 0.03460937499999991
0 0.66552734375 0.578125 0.026765624999999994 0.035807291666666664
0 0.59375 0.11588541666666667 0.03161718750000002 0.03104687500000001
0 0.5615234375 0.10376041666666666 0.03271484375 0.033119791666666655
0 0.3173828125 0.3006197916666667 0.03643749999999999 0.05570312500000003
0 0.5615234375 0.705078125 0.024992187500000006 0.0319427083333333
0 0.6826171875 0.5992864583333334 0.022933593750000016 0.036354166666666764
0 0.65966796875 0.6311875 0.023957031249999972 0.030760416666666637
0 0.61474609375 0.6494166666666668 0.026917968749999945 0.031166666666666742
0 0.685546875 0.5677083333333334 0.022078124999999994 0.03269270833333333
0 0.57763671875 0.592125 0.02310156249999995 0.03960937500000009
0 0.5498046875 0.7233072916666666 0.02880859375 0.0536718750000001
0 0.3271484375 0.3430989583333333 0.039488281249999965 0.05326562499999999
0 0.31396484375 0.2596041666666667 0.035218750000000035 0.05118750000000002
0 0.5849609375 0.555015625 0.024230468750000077 0.03629687500000003
0 0.607421875 0.6940104166666666 0.025222656250000065 0.03092708333333339
0 0.68017578125 0.6223958333333334 0.023695312499999944 0.03263541666666659
0 0.62939453125 0.6796875 0.02546874999999993 0.03460937499999991
0 0.3486328125 0.2716458333333333 0.03332421874999998 0.05623437500000002
2 0.27221875 0.40722916666666664 0.056640625 0.18213020833333335
0 0.57177734375 0.736328125 0.020644531249999966 0.029723958333333418
0 0.64892578125 0.689453125 0.020417968749999994 0.026552083333333344
0 0.6875 0.5322291666666666 0.02456640624999995 0.03678645833333327
0 0.6279296875 0.7337239583333334 0.020796874999999916 0.030515625000000077
0 0.58447265625 0.69921875 0.024140625000000072 0.031697916666666735
0 0.6083984375 0.7122395833333334 0.023148437500000084 0.027854166666666676
0 0.609375 0.7356770833333334 0.021531249999999957 0.03643750000000002
0 0.34765625 0.22900520833333332 0.03161718750000002 0.047036458333333364
0 0.58984375 0.7330729166666666 0.024183593749999944 0.03344791666666656
0 0.64599609375 0.703125 0.020066406249999957 0.023171874999999887
0 0.59130859375 0.7532552083333334 0.022203125000000056 0.026552083333333344
2 0.27490234375 0.5999375 0.05975390625000001 0.15299479166666666
0 0.6298828125 0.7102864583333334 0.022843750000000006 0.02435416666666678
0 0.5703125 0.7532552083333334 0.021773437499999916 0.03001041666666661
0 0.64501953125 0.73046875 0.01960937499999993 0.026348958333333408
2 0.404545703125 0.6936645833333334 0.409233203125 0.6931437500000001 0.41196757812499996 0.6874145833333334 0.41470195312499997 0.6858520833333334 0.41978007812499996 0.6926229166666666 0.427983203125 0.6921020833333333 0.43540507812499996 0.6941854166666667 0.482670703125 0.6926229166666666 0.487358203125 0.69001875 0.49087382812499997 0.69158125 0.495170703125 0.6889770833333333 0.48521445312499994 0.6712494791666667 0.501030078125 0.6832479166666666 0.5041402613281251 0.67443573125 0.513530078125 0.6879354166666667 0.5178269531249999 0.6853312500000001 0.5197800781249999 0.67908125 0.5197800781249999 0.67126875 0.511576953125 0.6488729166666667 0.509623828125 0.6374145833333333 0.5061082031249999 0.6327270833333334 0.487358203125 0.6327270833333334 0.47056132812499996 0.5863729166666667 0.401420703125 0.60564375 0.370170703125 0.61033125 0.360795703125 0.6144979166666666 0.356498828125 0.6207479166666666 0.356889453125 0.6363729166666666 0.364311328125 0.6519979166666666 0.404545703125 0.6936645833333334
2 0.47337890624999995 0.7229166666666667 0.16041796875000003 0.04355729166666673
2 0.42639062499999997 0.7753593750000001 0.09183984375000005 0.08071875
2 0.27682421874999996 0.2830833333333333 0.04093359374999998 0.08848437499999996