2 0.57861328125 0.7688802083333334 0.05676171874999998 0.11694270833333344
2 0.3369140625 0.19482291666666668 0.09503124999999998 0.12361458333333335
0 0.51585546875 0.44111458333333337 0.040234375 0.058854166666666666
0 0.5333984375 0.33046875 0.043359375 0.05572916666666667
0 0.57373046875 0.3336614583333333 0.03985546875000008 0.05224479166666664
0 0.51513671875 0.2877604166666667 0.04123046875000007 0.05802604166666668
0 0.6103515625 0.332359375 0.03796484375000002 0.0514739583333333
0 0.5615234375 0.2833645833333333 0.04132031250000008 0.054645833333333345
0 0.501953125 0.20215104166666667 0.03732421875000007 0.05326562499999999
0 0.599609375 0.2858072916666667 0.03823828124999995 0.05293750000000002
0 0.64208984375 0.329265625 0.03396484374999993 0.049031250000000054
0 0.57958984375 0.3854166666666667 0.042726562500000044 0.05415625000000001
0 0.59619140625 0.431640625 0.03970312499999995 0.05444270833333332
0 0.6171875 0.3824895833333333 0.03726171874999995 0.04984375000000003
0 0.5859375 0.235515625 0.040101562499999945 0.05464583333333331
0 0.6337890625 0.2838541666666667 0.03515625 0.050046874999999984
0 0.67138671875 0.3297552083333333 0.031082031250000065 0.043703125000000044
0 0.634765625 0.4781927083333333 0.03384374999999995 0.0475677083333333
0 0.6298828125 0.430015625 0.034425781250000044 0.04984375000000003
0 0.51513671875 0.23730729166666667 0.03869531249999998 0.04976562499999997
0 0.66259765625 0.286296875 0.030562499999999916 0.042885416666666655
0 0.64697265625 0.379234375 0.03430078124999998 0.04829687500000001
0 0.6201171875 0.23893229166666666 0.03567578124999997 0.049479166666666664
0 0.54931640625 0.22363541666666667 0.03970312499999995 0.05610937500000001
0 0.6015625 0.48046875 0.03869531249999998 0.05033333333333338
0 0.53466796875 0.18196874999999998 0.038175781250000006 0.04996875000000003
0 0.66064453125 0.4664739583333333 0.03390625000000007 0.048947916666666674
0 0.6748046875 0.375328125 0.03161718750000002 0.04463541666666669
0 0.66015625 0.421875 0.03283593749999998 0.04996875000000003
0 0.57177734375 0.1883125 0.03918359374999998 0.0493177083333333
0 0.64990234375 0.24577083333333333 0.031496093750000044 0.044026041666666654
0 0.607421875 0.19986979166666666 0.036558593750000055 0.04410937500000003
0 0.5126953125 0.15250520833333334 0.03601171875000002 0.04199479166666666
0 0.47241406250000006 0.14152083333333335 0.03500390625000005 0.04020312500000001
0 0.59765625 0.5738958333333334 0.03601171875000002 0.04520833333333343
0 0.55615234375 0.15438020833333335 0.03811718749999997 0.04296875
0 0.685546875 0.414390625 0.029039062500000056 0.0428072916666667
0 0.64013671875 0.20686979166666666 0.03332421874999998 0.04020312499999997
0 0.623046875 0.17008333333333334 0.03396484374999993 0.038411458333333336
0 0.63916015625 0.5524114583333334 0.031082031250000065 0.044270833333333336
0 0.62158203125 0.5201822916666666 0.037535156250000055 0.049843749999999964
0 0.59033203125 0.16072395833333333 0.03515625 0.04128125
0 0.60546875 0.14273958333333334 0.03448437500000008 0.039
0 0.6845703125 0.4586614583333333 0.028488281249999935 0.04410937500000003
0 0.494140625 0.10595833333333333 0.03384374999999995 0.045041666666666674
0 0.54052734375 0.130046875 0.035890625000000044 0.04370312499999998
0 0.5068359375 0.12670833333333334 0.035066406249999994 0.03989583333333332
0 0.64111328125 0.590171875 0.028062500000000056 0.038270833333333344
0 0.52783203125 0.10261979166666667 0.03469921874999997 0.039307291666666654
0 0.63916015625 0.6432291666666666 0.026960937499999994 0.03713020833333332
0 0.58935546875 0.6110052083333334 0.029585937499999916 0.03989583333333328
0 0.68603515625 0.496421875 0.02914453125000005 0.04020312500000003
0 0.57470703125 0.13102083333333334 0.0341796875 0.03863541666666666
0 0.5615234375 0.10376041666666666 0.03289843749999992 0.03338541666666665
0 0.64501953125 0.693359375 0.02546874999999993 0.03908333333333332
0 0.60498046875 0.6751302083333334 0.026960937499999994 0.0319427083333333
0 0.6474609375 0.6598333333333334 0.022765625000000077 0.029031249999999887
0 0.61572265625 0.5908229166666668 0.029250000000000043 0.039000000000000055
0 0.59326171875 0.11547916666666666 0.03234765624999998 0.030984375000000005
0 0.59033203125 0.6393229166666666 0.026351562500000016 0.03657812500000001
0 0.6162109375 0.6243489583333334 0.028703125000000006 0.03481250000000007
0 0.6650390625 0.580078125 0.025999999999999978 0.036640624999999954
0 0.65869140625 0.5341822916666668 0.033203125 0.04658854166666663
0 0.6279296875 0.6673177083333334 0.025132812500000056 0.030171874999999914
0 0.6083984375 0.7083333333333334 0.024839843750000055 0.039447916666666555
0 0.640625 0.617515625 0.026152343749999928 0.034932291666666754
0 0.6640625 0.607421875 0.024382812500000028 0.032817708333333445
0 0.611328125 0.7330729166666666 0.022078124999999994 0.03230729166666677
0 0.62841796875 0.7265625 0.021652343749999935 0.03001041666666661
0 0.615234375 0.65071875 0.027328125000000016 0.03092708333333339
0 0.68359375 0.5986354166666668 0.021941406250000028 0.035604166666666735
0 0.58984375 0.521484375 0.03430078124999998 0.0504166666666667
0 0.68603515625 0.5673854166666668 0.022324218750000034 0.03533854166666662
0 0.6787109375 0.6243489583333334 0.024277343750000034 0.033119791666666745
0 0.47607421875 0.19270833333333334 0.027953124999999978 0.03657812500000001
0 0.66845703125 0.646484375 0.01912109374999993 0.02772916666666655
0 0.68798828125 0.5319010416666666 0.023605468749999935 0.03657812500000001
0 0.6591796875 0.6334635416666666 0.020417968749999994 0.029947916666666668
0 0.6259765625 0.7076822916666666 0.019273437500000056 0.027463541666666678
0 0.64990234375 0.720703125 0.02091796875000007 0.027630208333333427
0 0.67919921875 0.703125 0.024429687499999984 0.03318229166666668
2 0.2712421875 0.4954427083333333 0.18151953125000003 0.5833333333333334
0 0.43250390625 0.41875 0.014285156250000064 0.0019999999999999575
2 0.288671875 0.3421875 0.294921875 0.4005208333333333 0.30234375 0.4432291666666667 0.31015625 0.4765625 0.3375 0.5692708333333333 0.34296875 0.578125 0.349609375 0.5963541666666666 0.354296875 0.603125 0.369140625 0.5942708333333333 0.37421875 0.5953125 0.37421875 0.6052083333333333 0.37578125 0.609375 0.38671875 0.6052083333333333 0.390625 0.6109375 0.39296875 0.6114583333333333 0.3953125 0.6088541666666667 0.420703125 0.6036458333333333 0.4390625 0.5973958333333333 0.44140625 0.5958333333333333 0.43984375 0.5911458333333334 0.442578125 0.5838541666666667 0.451171875 0.5869791666666667 0.45625 0.5921875 0.470703125 0.6166666666666667 0.47421875 0.609375 0.47421875 0.6015625 0.466015625 0.5838541666666667 0.4640625 0.5755208333333334 0.459375 0.56875 0.45859375 0.5630208333333333 0.454296875 0.5572916666666666 0.451171875 0.5427083333333333 0.455078125 0.5328125 0.4640625 0.5213541666666667 0.467578125 0.5125 0.416015625 0.3328125 0.4046875 0.26614583333333336 0.404296875 0.24635416666666668 0.40078125 0.21666666666666667 0.396875 0.21041666666666667 0.38984375 0.18177083333333333 0.390625 0.16979166666666667 0.38828125 0.16302083333333334 0.37734375 0.15 0.369140625 0.15052083333333333 0.301953125 0.21875 0.300390625 0.22291666666666668 0.2953125 0.22552083333333334 0.2859375 0.24270833333333333 0.28515625 0.2635416666666667 0.288671875 0.3421875
2 0.41958593750000006 0.6394427083333334 0.18283203125000003 0.06857812500000003
2 0.44117968750000003 0.6927916666666667 0.13642187499999997 0.091796875
0 0.474578125 0.7068177083333332 0.03729687500000001 0.052822916666666705
0 0.5334492187500001 0.6578385416666667 0.02287109375000007 0.05544791666666669
0 0.52748046875 0.7447864583333333 0.03520703125000004 0.03529687499999999
0 0.482421875 0.7619791666666667 0.493359375 0.7692708333333333 0.49921875 0.7671875 0.50078125 0.759375 0.495703125 0.7473958333333334 0.490234375 0.740625 0.48203125 0.7369791666666666 0.477734375 0.7494791666666667 0.47734375 0.7520833333333333 0.482421875 0.7619791666666667
0 0.5896328125 0.7065625 0.01996484375000005 0.03899479166666661
0 0.5579921875 0.5523333333333333 0.051171875 0.06845312499999998
0 0.55390625 0.4786458333333333 0.56328125 0.484375 0.571875 0.484375 0.57890625 0.4786458333333333 0.584375 0.4671875 0.58515625 0.45416666666666666 0.576953125 0.43645833333333334 0.571875 0.4322916666666667 0.5609375 0.428125 0.55234375 0.42916666666666664 0.544921875 0.43645833333333334 0.546875 0.465625 0.55390625 0.4786458333333333
0 0.3453125 0.5265625 0.358984375 0.5291666666666667 0.365625 0.5276041666666667 0.38046875 0.5109375 0.38671875 0.5005208333333333 0.38828125 0.4822916666666667 0.386328125 0.4708333333333333 0.38203125 0.4640625 0.37734375 0.4609375 0.366015625 0.4625 0.344140625 0.4791666666666667 0.338671875 0.4895833333333333 0.337109375 0.4984375 0.337890625 0.5104166666666666 0.3453125 0.5265625
0 0.245703125 0.2953125 0.24296875 0.303125 0.235546875 0.3104166666666667 0.24765625 0.315625 0.249609375 0.3125 0.255859375 0.3109375 0.25703125 0.3140625 0.26328125 0.3182291666666667 0.275390625 0.3177083333333333 0.281640625 0.3098958333333333 0.283984375 0.30052083333333335 0.284765625 0.27395833333333336 0.283203125 0.23958333333333334 0.27890625 0.23489583333333333 0.270703125 0.24010416666666667 0.266015625 0.24895833333333334 0.259765625 0.25364583333333335 0.25625 0.259375 0.2484375 0.29270833333333335 0.245703125 0.2953125