0 0.5318359375 0.34453125 0.043359375 0.0546875
2 0.36817968749999996 0.37516666666666665 0.18984375 0.4398541666666666
2 0.26737890625 0.466671875 0.05952734374999995 0.2476822916666667
2 0.27108203125 0.270578125 0.03577343749999997 0.09856770833333334
0 0.58412109375 0.332609375 0.06598828124999993 0.064328125
0 0.54052734375 0.396484375 0.042726562500000044 0.05477083333333337
0 0.580078125 0.3854166666666667 0.04132031250000008 0.05436458333333339
0 0.5625 0.2791354166666667 0.04312109374999995 0.054567708333333326
0 0.6015625 0.278484375 0.038175781250000006 0.051963541666666654
0 0.61669921875 0.3824895833333333 0.037535156250000055 0.0514739583333333
0 0.63916015625 0.3274739583333333 0.03500390625000005 0.04996875000000003
0 0.560546875 0.4420572916666667 0.04016015624999998 0.052937500000000054
0 0.59765625 0.4313177083333333 0.04000781250000003 0.05444270833333332
0 0.63330078125 0.2833645833333333 0.03527734374999998 0.048828125
0 0.58447265625 0.2351875 0.040773437500000044 0.05497395833333331
0 0.6474609375 0.379234375 0.03488281250000007 0.048828125
0 0.6611328125 0.4225260416666667 0.03338671874999992 0.04984375000000003
0 0.63525390625 0.47884375 0.03430078124999998 0.047770833333333346
0 0.62939453125 0.43066666666666664 0.035066406249999994 0.05159374999999997
0 0.66259765625 0.287109375 0.031082031250000065 0.044187499999999984
0 0.66943359375 0.3299166666666667 0.03161718750000002 0.04536979166666662
0 0.66015625 0.467125 0.034242187499999945 0.0475677083333333
0 0.6748046875 0.37597916666666664 0.03143359374999992 0.045572916666666664
0 0.6494140625 0.24593229166666664 0.03192187499999992 0.04386458333333332
0 0.6201171875 0.239421875 0.035402343750000044 0.04634375000000001
0 0.5439453125 0.24283854166666666 0.04132031250000008 0.05603124999999999
0 0.60693359375 0.200359375 0.03634765625000007 0.04496354166666669
0 0.685546875 0.4153645833333333 0.028761718750000043 0.04296875
0 0.50244140625 0.20052083333333334 0.03781250000000007 0.05334374999999998
0 0.64013671875 0.20784375 0.033781250000000006 0.041911458333333346
0 0.53515625 0.1866875 0.038820312500000044 0.05814583333333333
0 0.5126953125 0.15088020833333332 0.03634765625000007 0.04152604166666667
0 0.6005859375 0.48144791666666664 0.04183984375000005 0.05216666666666671
0 0.59033203125 0.16031770833333334 0.035218749999999945 0.04174999999999998
0 0.556640625 0.15486458333333333 0.0390625 0.04435416666666665
0 0.68505859375 0.4583333333333333 0.027953124999999978 0.044026041666666654
0 0.62353515625 0.17122395833333334 0.03390625000000007 0.037984375000000035
0 0.47241406250000006 0.142984375 0.03469921874999997 0.04223437500000002
0 0.65869140625 0.5045572916666666 0.03436328124999992 0.039390625000000054
0 0.47827343750000006 0.17984895833333334 0.03747656250000002 0.05981250000000002
0 0.5966796875 0.5263697916666666 0.04025390625000007 0.043864583333333346
0 0.63134765625 0.5172552083333334 0.03430078124999998 0.03713020833333337
0 0.60546875 0.14249479166666665 0.03390625000000007 0.038942708333333326
0 0.505859375 0.127359375 0.034605468750000055 0.04144270833333333
0 0.56982421875 0.19205729166666666 0.040464843750000055 0.057822916666666654
0 0.5625 0.4996770833333333 0.043214843750000044 0.05859375
0 0.54052734375 0.13126562500000002 0.03628515624999995 0.04590104166666668
0 0.6865234375 0.49316666666666664 0.026613281250000044 0.032572916666666646
0 0.49389843750000006 0.1050625 0.03283593749999998 0.042807291666666664
0 0.52734375 0.10147916666666666 0.03396484374999993 0.03747395833333333
0 0.57421875 0.131671875 0.03482031249999995 0.04135937499999998
0 0.560546875 0.10319270833333333 0.03253125000000008 0.03169791666666667
0 0.59423828125 0.11531770833333334 0.030851562500000006 0.029947916666666668
0 0.32690625 0.29980729166666664 0.05212500000000002 0.053953124999999956
0 0.34423828125 0.39551041666666664 0.05520703124999997 0.057291666666666664
0 0.3337421875 0.3450520833333333 0.0546875 0.05415625000000001
2 0.3173828125 0.5595729166666668 0.050718749999999965 0.07763541666666664
0 0.3251953125 0.25667187500000005 0.049406250000000006 0.05314062500000002
0 0.34814453125 0.23258333333333334 0.03185937499999998 0.05859375
2 0.21899609375 0.6279322916666668 0.019058593749999984 0.04626562499999996
2 0.27685546875 0.3844427083333333 0.044859374999999965 0.07922395833333327
2 0.24658203125 0.4837239583333333 0.019058593749999984 0.03657812500000001
0 0.50381640625 0.2592552083333333 0.03821484374999997 0.07466145833333332