0 0.49975781250000006 0.1805 0.037046875000000055 0.05867708333333332
0 0.5341796875 0.161703125 0.03823828124999995 0.05717187499999999
0 0.47632031250000006 0.1570625 0.03643750000000008 0.06046354166666668
0 0.60888671875 0.17741145833333333 0.03774999999999995 0.04614062500000002
0 0.62109375 0.21468229166666666 0.037199218750000006 0.04614062500000002
0 0.63330078125 0.2594427083333333 0.03616406249999997 0.046958333333333345
0 0.671875 0.30761979166666664 0.034425781250000044 0.042317708333333336
0 0.59521484375 0.255859375 0.04568359374999993 0.05334375000000001
0 0.66357421875 0.2638333333333333 0.03234765624999998 0.042645833333333334
0 0.5556640625 0.13330208333333332 0.039640625000000006 0.044026041666666654
0 0.63330078125 0.3040364583333333 0.04553124999999998 0.046140624999999956
0 0.65234375 0.22281770833333334 0.03301953125000008 0.042807291666666636
0 0.62548828125 0.14990104166666668 0.03500390625000005 0.038125000000000006
0 0.64208984375 0.185546875 0.03482031249999995 0.041666666666666664
0 0.46997265625000006 0.12378125 0.03601171875000002 0.050046874999999984
0 0.5693359375 0.169109375 0.04147265625000003 0.05761979166666666
0 0.58154296875 0.21256770833333333 0.044679687500000044 0.058473958333333326
0 0.6748046875 0.3528645833333333 0.035066406249999994 0.04353645833333329
0 0.54052734375 0.10717708333333334 0.03677343749999995 0.04512499999999999
0 0.6396484375 0.3551458333333333 0.04769921875000005 0.046755208333333326
0 0.591796875 0.13810416666666667 0.03683593750000007 0.04223437500000002
0 0.67724609375 0.3942083333333333 0.046296874999999994 0.04520833333333331
0 0.57421875 0.10847916666666667 0.035066406249999994 0.040281249999999984
0 0.50244140625 0.10147916666666666 0.03353906250000005 0.039223958333333336
0 0.49096875000000006 0.08406770833333334 0.032472656250000044 0.047770833333333325
0 0.64990234375 0.4401041666666667 0.04733203125000003 0.05497395833333331
0 0.65771484375 0.5123697916666666 0.040464843750000055 0.05464583333333337
0 0.6064453125 0.11987500000000001 0.035402343750000044 0.039000000000000014
0 0.68017578125 0.472984375 0.03891015625000005 0.04105729166666663
2 0.2810078125 0.4124375 0.10595703125 0.1990572916666667
0 0.52734375 0.08011979166666668 0.03515625 0.040057291666666675
0 0.5615234375 0.081296875 0.03353906250000005 0.03311979166666666
0 0.5947265625 0.09440104166666667 0.03372265624999997 0.03224479166666665
0 0.59765625 0.6282552083333334 0.03259375000000002 0.03769791666666673
0 0.67919921875 0.5006510416666666 0.03790234375000008 0.0405885416666667
0 0.6767578125 0.4313177083333333 0.041078124999999945 0.045041666666666674
0 0.66259765625 0.555015625 0.026062499999999923 0.03513541666666668
0 0.6845703125 0.547203125 0.02253906249999993 0.0344010416666667
0 0.58203125 0.6572291666666668 0.03091406249999995 0.03324479166666663
0 0.66064453125 0.5817083333333334 0.025269531250000022 0.03110937500000001
0 0.65673828125 0.615234375 0.022078124999999994 0.03792187499999997
0 0.6748046875 0.603515625 0.023820312500000006 0.03288020833333339
0 0.6826171875 0.5768229166666666 0.022203125000000056 0.0342187499999999
0 0.62841796875 0.61946875 0.030335937499999945 0.03454687499999996
0 0.56884765625 0.640625 0.032289062499999945 0.034401041666666764
0 0.64892578125 0.54134375 0.02084375000000005 0.03369270833333336
0 0.61767578125 0.6438802083333334 0.033203125 0.03481250000000007
0 0.59130859375 0.6966145833333334 0.025375000000000016 0.033833333333333354
0 0.61083984375 0.6875 0.025132812500000056 0.03176041666666667
0 0.6328125 0.6803385416666666 0.026199218750000065 0.030234375000000095
2 0.2861328125 0.24951041666666668 0.07080078125 0.11384895833333335
0 0.56884765625 0.7194010416666666 0.021574218750000006 0.029093750000000067
0 0.65283203125 0.6363958333333334 0.017304687500000072 0.02982812499999999
2 0.56066015625 0.5405208333333333 0.17689062500000005 0.09262500000000001
2 0.441796875 0.7239583333333334 0.45794257812500005 0.7387151041666667 0.462109375 0.7484375 0.467578125 0.7510416666666667 0.4703125 0.7572916666666667 0.472265625 0.7567708333333333 0.47421875 0.759375 0.479296875 0.759375 0.4869140625 0.7552083333333334 0.498828125 0.7557291666666667 0.506640625 0.7489583333333333 0.515234375 0.7473958333333334 0.51640625 0.7432291666666667 0.521484375 0.74375 0.523828125 0.7385416666666667 0.525 0.7317708333333334 0.5234375 0.7265625 0.52265625 0.7041666666666667 0.512109375 0.6911458333333333 0.509765625 0.6838541666666667 0.4859375 0.69375 0.475 0.6947916666666667 0.47265625 0.69375 0.4703125 0.6890625 0.462109375 0.6953125 0.45078125 0.6942708333333333 0.4390625 0.7005208333333334 0.437890625 0.7166666666666667 0.441796875 0.7239583333333334
2 0.42890625 0.7947916666666667 0.434375 0.7979166666666667 0.43828125 0.803125 0.4484375 0.8078125 0.451953125 0.8114583333333333 0.462890625 0.8135416666666667 0.466015625 0.8083333333333333 0.46953125 0.8104166666666667 0.473828125 0.809375 0.47734375 0.80625 0.4765625 0.8036458333333333 0.483203125 0.7989583333333333 0.482421875 0.7890625 0.47578125 0.7791666666666667 0.475390625 0.7729166666666667 0.46328125 0.7479166666666667 0.444140625 0.728125 0.439453125 0.715625 0.43203125 0.7203125 0.4296875 0.740625 0.4265625 0.7505208333333333 0.425 0.7869791666666667 0.42890625 0.7947916666666667
2 0.376171875 0.7484375 0.395703125 0.7713541666666667 0.40390625 0.7739583333333333 0.408203125 0.7713541666666667 0.40859375 0.7557291666666667 0.412890625 0.7364583333333333 0.412890625 0.7203125 0.40703125 0.7203125 0.4 0.7041666666666667 0.393359375 0.6989583333333333 0.37734375 0.7026041666666667 0.374609375 0.7046875 0.3671875 0.721875 0.366796875 0.7354166666666667 0.376171875 0.7484375