2 0.38357421875000003 0.27503645833333334 0.16722265625000002 0.2631770833333333
0 0.51833984375 0.2861614583333333 0.04309765624999997 0.060322916666666636
0 0.56103515625 0.2825520833333333 0.04162499999999998 0.05293750000000002
0 0.533203125 0.329265625 0.04217578124999992 0.053468750000000044
0 0.51416015625 0.23779166666666668 0.04083203125000008 0.05082291666666669
0 0.57373046875 0.332359375 0.04067968749999995 0.05216666666666671
0 0.60986328125 0.3315416666666666 0.038332031250000044 0.052369791666666644
0 0.58203125 0.38509375 0.0390625 0.051963541666666654
0 0.5986328125 0.28515625 0.038972656249999994 0.05127083333333336
0 0.54248046875 0.3821614583333333 0.04409765624999995 0.05464583333333337
0 0.50341796875 0.201171875 0.04025390625000007 0.0525729166666667
0 0.54833984375 0.22103124999999998 0.039488281250000055 0.04939583333333335
0 0.56005859375 0.431640625 0.040464843750000055 0.05244791666666669
0 0.58544921875 0.23291145833333332 0.03732421875000007 0.047770833333333346
0 0.59716796875 0.4313177083333333 0.03738281249999993 0.04976562499999997
0 0.63330078125 0.2825520833333333 0.03628515624999995 0.047932291666666654
0 0.67431640625 0.37597916666666664 0.03271484375 0.04626562499999996
0 0.650390625 0.24544270833333334 0.03241015624999992 0.04321354166666668
0 0.599609375 0.4781927083333333 0.03790234375000008 0.0475677083333333
0 0.53515625 0.18001562499999998 0.03927734375000007 0.04520833333333331
0 0.62890625 0.4293645833333333 0.03533984374999992 0.0470364583333333
0 0.662109375 0.2869479166666667 0.033140625000000055 0.04451562500000002
0 0.6171875 0.3811875 0.03650000000000002 0.05053645833333332
0 0.634765625 0.47884375 0.03396484374999993 0.046755208333333326
0 0.63916015625 0.20638020833333334 0.032472656250000044 0.03908333333333332
0 0.6689453125 0.3299166666666667 0.031144531250000006 0.045125000000000054
0 0.57177734375 0.185546875 0.03726171874999995 0.0431302083333333
0 0.6201171875 0.23860937499999998 0.03561328125000003 0.04573437499999997
0 0.513671875 0.14835416666666665 0.0390625 0.041604166666666664
0 0.6591796875 0.421875 0.031203125000000043 0.046140624999999956
0 0.68408203125 0.41634375 0.031203125000000043 0.04215625000000003
0 0.64697265625 0.37793229166666664 0.03155468750000008 0.045656250000000044
0 0.66162109375 0.46582291666666664 0.029753906250000028 0.044026041666666654
0 0.6865234375 0.45801041666666664 0.028550781250000056 0.043619791666666664
0 0.47387890625000006 0.14371875 0.0390625 0.04418750000000002
0 0.6240234375 0.170734375 0.03155468750000008 0.03540104166666668
0 0.60888671875 0.20019791666666667 0.03488281250000007 0.041135416666666674
0 0.68701171875 0.49609375 0.026917968749999945 0.04005729166666671
0 0.55517578125 0.1519375 0.036710937500000006 0.041135416666666674
0 0.64111328125 0.3297552083333333 0.03469921874999997 0.04911458333333331
0 0.60595703125 0.14054166666666665 0.03241015624999992 0.03741666666666668
0 0.59033203125 0.1599114583333333 0.034089843749999994 0.036989583333333326
0 0.541015625 0.12443229166666667 0.035066406249999994 0.037270833333333336
0 0.47925000000000006 0.18570833333333334 0.03698828125000002 0.05570312500000003
0 0.5263671875 0.09969270833333334 0.029875000000000006 0.034401041666666674
0 0.4931640625 0.106203125 0.03469921874999997 0.044187499999999984
0 0.57421875 0.13053645833333333 0.032472656250000044 0.03615104166666665
0 0.56103515625 0.10278125 0.03161718750000002 0.031473958333333336
0 0.6650390625 0.54525 0.028550781250000056 0.04182812499999997
0 0.68701171875 0.5325520833333334 0.024519531249999994 0.03761979166666667
0 0.59375 0.11426041666666667 0.030152343750000022 0.03035416666666665
0 0.685546875 0.5696614583333334 0.023695312499999944 0.03678645833333339
0 0.50341796875 0.12247916666666665 0.03390625000000007 0.03560416666666666
0 0.6015625 0.6578802083333334 0.03582812499999992 0.050333333333333265
0 0.66455078125 0.580078125 0.027328125000000016 0.039531250000000046
0 0.630859375 0.5442708333333334 0.035890625000000044 0.05167708333333329
0 0.4853515625 0.6360677083333334 0.036710937500000006 0.0496822916666666
0 0.634765625 0.5885416666666666 0.031082031250000065 0.0397552083333333
0 0.3903828125 0.22623958333333333 0.043703124999999954 0.05444270833333332
0 0.35669140625 0.258625 0.04458593750000004 0.05603125000000002
0 0.638671875 0.638671875 0.029250000000000043 0.03916666666666657
0 0.60888671875 0.62728125 0.030152343750000022 0.03735416666666656
0 0.6630859375 0.6360677083333334 0.02475000000000005 0.03574479166666673
0 0.61474609375 0.6477864583333334 0.027800781250000028 0.03574479166666673
0 0.6572265625 0.5270208333333334 0.030335937499999945 0.03812500000000003
0 0.38232421875 0.19156770833333334 0.04113671874999998 0.04634375000000001
0 0.6630859375 0.6015625 0.024183593749999944 0.035276041666666674
0 0.626953125 0.6985677083333334 0.02475000000000005 0.03834895833333339
0 0.54443359375 0.7213541666666666 0.023957031249999972 0.032572916666666646
0 0.6455078125 0.69140625 0.024476562499999945 0.03849479166666659
0 0.51513671875 0.716796875 0.02700781249999995 0.0360937500000001
0 0.34790234375 0.22526041666666666 0.04476953124999996 0.04838020833333333
0 0.63525390625 0.6181666666666668 0.027480468749999966 0.032937499999999884
0 0.68115234375 0.619140625 0.024519531249999994 0.04105729166666663
0 0.5693359375 0.73046875 0.028214843750000006 0.058921875000000054
0 0.68359375 0.5973333333333334 0.023695312499999944 0.03798437499999992
0 0.5439453125 0.426109375 0.02595703124999993 0.041359375000000045
0 0.46923828125 0.7311197916666666 0.03283593749999998 0.05041666666666676
0 0.49292187500000006 0.7180989583333334 0.023148437500000084 0.03533854166666662
0 0.54833984375 0.74609375 0.023726562499999916 0.03481250000000007
0 0.6044921875 0.6953125 0.023695312499999944 0.026286458333333228
0 0.58154296875 0.693359375 0.021910156250000055 0.024453124999999905
0 0.64599609375 0.6559270833333334 0.024429687499999984 0.03363020833333342
0 0.356203125 0.609375 0.03185937499999998 0.03916666666666657
0 0.47119140625 0.11043229166666667 0.017378906249999916 0.023255208333333322
0 0.58203125 0.56478125 0.04812499999999993 0.07413541666666669
0 0.5263671875 0.751953125 0.023957031249999972 0.03806770833333341
0 0.49389843750000006 0.7369791666666666 0.022203125000000056 0.029947916666666668
0 0.681640625 0.515953125 0.027527343749999923 0.033567708333333356
0 0.34692578125 0.650390625 0.02855078124999997 0.035276041666666674
0 0.607421875 0.7115885416666666 0.023148437500000084 0.03230729166666677
0 0.36572265625 0.646484375 0.03384375000000004 0.04191145833333323
0 0.3728046875 0.671875 0.02810546875000002 0.03574479166666673
0 0.58837890625 0.724609375 0.031082031250000065 0.07625520833333325
0 0.384765625 0.630859375 0.03155468750000003 0.036843749999999884
0 0.51708984375 0.633140625 0.037535156250000055 0.06811458333333344
0 0.62890625 0.7265625 0.023238281249999916 0.030354166666666772
0 0.470703125 0.6796875 0.027589843750000044 0.028218749999999914
0 0.58642578125 0.4720052083333333 0.020765624999999944 0.039531250000000046
0 0.43823437500000006 0.12516145833333334 0.022628906249999935 0.024208333333333342
0 0.533203125 0.7317708333333334 0.019636718749999994 0.026692708333333332
0 0.417671875 0.32845833333333335 0.06234765625000005 0.06503124999999994
0 0.40689843750000004 0.27731770833333336 0.046421875000000015 0.04381249999999997
0 0.36609375 0.31224999999999997 0.048613281250000015 0.048739583333333295
0 0.37862109374999997 0.36880729166666665 0.04470703124999997 0.07176562499999999
2 0.399953125 0.5642395833333332 0.07824609375000002 0.2557916666666666
2 0.52498828125 0.6098750000000001 0.20037109375000012 0.1250156250000001
2 0.28821484375 0.62353125 0.07459375000000001 0.25228645833333324
2 0.28789453125 0.44305729166666663 0.07385546874999997 0.1231354166666667
2 0.251953125 0.37395833333333334 0.26171875 0.3859375 0.266796875 0.3890625 0.275 0.38333333333333336 0.284765625 0.3807291666666667 0.287890625 0.3770833333333333 0.2875 0.37447916666666664 0.290625 0.36614583333333334 0.29609375 0.36302083333333335 0.303125 0.353125 0.300390625 0.3515625 0.297265625 0.34270833333333334 0.296484375 0.3302083333333333 0.292578125 0.3255208333333333 0.294140625 0.3182291666666667 0.283984375 0.31927083333333334 0.275390625 0.3255208333333333 0.269140625 0.3328125 0.2578125 0.33645833333333336 0.23984375 0.37135416666666665 0.240625 0.37447916666666664 0.251953125 0.37395833333333334
2 0.27451953125 0.27284895833333334 0.06082812500000001 0.07321874999999999