2 0.39152734375 0.38603125 0.248234375 0.4408489583333334
0 0.5313749999999999 0.33180208333333333 0.05698046874999996 0.05824479166666663
0 0.515625 0.2887395833333333 0.04168749999999992 0.058677083333333345
0 0.57373046875 0.3336614583333333 0.03970312499999995 0.05265104166666663
0 0.56103515625 0.2833645833333333 0.04153515624999997 0.05517708333333336
0 0.60986328125 0.3325208333333334 0.038332031250000044 0.051963541666666654
0 0.5146484375 0.23795833333333333 0.0390625 0.05069791666666668
0 0.50244140625 0.20247395833333334 0.037535156250000055 0.05464583333333331
0 0.599609375 0.2856458333333334 0.03823828124999995 0.053062500000000026
0 0.6416015625 0.329265625 0.03390625000000007 0.04829687500000001
0 0.5859375 0.236328125 0.04037500000000005 0.05529687499999998
0 0.61669921875 0.3824895833333333 0.03732421875000007 0.04976562499999997
0 0.6708984375 0.3299166666666667 0.031203125000000043 0.04410937500000003
0 0.63330078125 0.2827135416666666 0.035066406249999994 0.049192708333333356
0 0.66259765625 0.2864583333333333 0.031082031250000065 0.04345833333333336
0 0.63427734375 0.4772135416666667 0.034425781250000044 0.046875
0 0.62939453125 0.4293645833333333 0.035066406249999994 0.04996875000000003
0 0.548828125 0.223796875 0.03927734375000007 0.05578645833333334
0 0.53515625 0.18294270833333334 0.03860546874999997 0.05139062499999998
0 0.66015625 0.4654947916666667 0.03402734375000005 0.04858333333333332
0 0.6494140625 0.24593229166666666 0.03143359374999992 0.0444322916666667
0 0.64697265625 0.3782552083333333 0.03396484374999993 0.04732291666666662
0 0.57177734375 0.18847916666666667 0.0390625 0.04984375000000003
0 0.6748046875 0.375 0.03161718750000002 0.04435416666666671
0 0.66064453125 0.4212239583333333 0.033265624999999945 0.0486666666666667
0 0.5126953125 0.15226041666666665 0.035554687499999994 0.04144270833333334
0 0.60693359375 0.20068229166666668 0.03616406249999997 0.04590104166666666
0 0.6201171875 0.239421875 0.03549218750000005 0.046875
0 0.47827343750000006 0.17919791666666668 0.036558593750000055 0.05749479166666666
0 0.47265625 0.14273958333333334 0.03469921874999997 0.04135937499999998
0 0.55615234375 0.15486458333333333 0.03854296875000003 0.042807291666666636
0 0.63916015625 0.20686979166666666 0.03259375000000002 0.040364583333333336
0 0.68505859375 0.414390625 0.029312499999999984 0.04296875
0 0.623046875 0.17057291666666666 0.0341796875 0.03849479166666665
0 0.6220703125 0.51953125 0.03845312500000002 0.047854166666666725
0 0.50634765625 0.12686979166666668 0.03515625 0.04050520833333334
0 0.58935546875 0.1605625 0.03500390625000005 0.04044791666666665
0 0.6845703125 0.45801041666666664 0.028703125000000006 0.04435416666666671
0 0.60546875 0.14273958333333334 0.03402734375000005 0.038125000000000006
0 0.494140625 0.10481770833333333 0.03372265624999997 0.043296875
0 0.54052734375 0.13029166666666667 0.03582812499999992 0.04581770833333332
0 0.63916015625 0.5514322916666666 0.03143359374999992 0.04496354166666663
0 0.57421875 0.13029166666666664 0.03527734374999998 0.03827083333333333
0 0.52734375 0.10221354166666667 0.034089843749999994 0.039083333333333345
0 0.685546875 0.496421875 0.029984375000000084 0.0405885416666667
0 0.56103515625 0.103515625 0.03234765624999998 0.03269270833333333
0 0.6416015625 0.590171875 0.028488281249999935 0.0397552083333333
0 0.63916015625 0.6435572916666668 0.027328125000000016 0.03721354166666657
0 0.59375 0.11531770833333334 0.03137109374999998 0.030052083333333326
0 0.65869140625 0.53515625 0.033781250000000006 0.047645833333333346
0 0.6650390625 0.58040625 0.02685546875 0.038411458333333336
0 0.64453125 0.6927083333333334 0.025222656250000065 0.038411458333333336
0 0.6640625 0.6064479166666668 0.02595703124999993 0.033833333333333354
0 0.3151875 0.2817395833333334 0.034425781249999954 0.050046874999999984
0 0.3571796875 0.2983385416666666 0.03726171875000004 0.061281250000000044
0 0.62939453125 0.6656927083333334 0.025910156249999972 0.03129166666666663
0 0.67919921875 0.6243489583333334 0.024476562499999945 0.03338541666666662
0 0.685546875 0.5680364583333334 0.022843750000000006 0.035541666666666555
0 0.66845703125 0.6471354166666666 0.019273437500000056 0.027854166666666676
0 0.6826171875 0.5989583333333334 0.022933593750000016 0.03623437500000008
0 0.65966796875 0.6328125 0.022371093749999994 0.03129166666666663
0 0.6279296875 0.7102864583333334 0.020218750000000084 0.029604166666666744
0 0.68798828125 0.5319010416666666 0.023695312499999944 0.03643750000000002
0 0.62841796875 0.7317708333333334 0.020570312499999945 0.032817708333333445
0 0.332765625 0.3294270833333333 0.0517578125 0.05383333333333328
0 0.3493671875 0.251953125 0.029312499999999984 0.04858333333333332
0 0.62548828125 0.5514322916666666 0.026613281250000044 0.03318229166666668
0 0.6435546875 0.7265625 0.016785156249999923 0.027791666666666732