2 0.38888671874999997 0.27939062499999995 0.151953125 0.271875
0 0.39970703125 0.27488541666666666 0.04079296874999998 0.05874479166666665
0 0.5158203125 0.2877604166666667 0.041796875 0.058854166666666666
0 0.56103515625 0.2849947916666667 0.04202343749999997 0.057697916666666654
0 0.392578125 0.22916666666666666 0.044523437500000006 0.051677083333333346
0 0.51513671875 0.239421875 0.03875781249999992 0.05314062499999998
0 0.501953125 0.20263541666666668 0.03781250000000007 0.05477083333333332
0 0.55908203125 0.43261979166666664 0.042878906249999994 0.05375000000000003
0 0.57080078125 0.333984375 0.042390624999999994 0.054567708333333326
0 0.54150390625 0.383140625 0.043703125000000044 0.05509374999999998
0 0.60986328125 0.3325208333333334 0.03845312500000002 0.052083333333333336
0 0.5859375 0.23502604166666666 0.040773437500000044 0.05383333333333334
0 0.58154296875 0.38509375 0.04000781250000003 0.05354687499999997
0 0.59765625 0.431640625 0.03891015625000005 0.052854166666666674
0 0.36474609375 0.311359375 0.04153515624999997 0.05509374999999998
0 0.66259765625 0.286296875 0.031144531250000006 0.04337499999999998
0 0.6416015625 0.329265625 0.034089843749999994 0.047854166666666725
0 0.6171875 0.3828125 0.03774999999999995 0.0506197916666667
0 0.35766796875 0.2504895833333333 0.04083203124999999 0.04097395833333331
0 0.63427734375 0.47884375 0.033781250000000006 0.046510416666666644
0 0.67138671875 0.3302395833333333 0.03253125000000008 0.04488020833333337
0 0.63330078125 0.2838541666666667 0.03527734374999998 0.050046874999999984
0 0.548828125 0.22477083333333334 0.03970312499999995 0.05684374999999999
0 0.47900390625 0.17903645833333334 0.037535156250000055 0.05717187499999999
0 0.62939453125 0.430015625 0.03469921874999997 0.049598958333333346
0 0.6748046875 0.375328125 0.03253125000000008 0.045656250000000044
0 0.599609375 0.2856458333333334 0.038175781250000006 0.052854166666666674
0 0.53515625 0.18278125 0.03845312500000002 0.05053645833333332
0 0.64892578125 0.24577083333333333 0.031144531250000006 0.04378124999999997
0 0.6005859375 0.4798177083333333 0.039640625000000006 0.04858333333333332
0 0.47216796875 0.141765625 0.03454687500000002 0.041911458333333346
0 0.66064453125 0.4215520833333333 0.03301953125000008 0.04838020833333338
0 0.344484375 0.223796875 0.037046874999999965 0.04471875000000001
0 0.64697265625 0.37890625 0.03488281250000007 0.047932291666666654
0 0.66064453125 0.46582291666666664 0.0341796875 0.046671874999999946
0 0.5126953125 0.15088020833333332 0.03582812499999992 0.040895833333333326
0 0.57177734375 0.18880208333333334 0.03955078125 0.04968229166666666
0 0.68603515625 0.414390625 0.029207031249999994 0.0431302083333333
0 0.61962890625 0.23860937499999998 0.03594921875000008 0.04642708333333333
0 0.60693359375 0.20019791666666667 0.036710937500000006 0.04488020833333331
2 0.42770937499999995 0.6276666666666666 0.42263124999999996 0.6318333333333332 0.43122499999999997 0.6370416666666666 0.43434999999999996 0.6432916666666666 0.43747499999999995 0.6630833333333332 0.44528749999999995 0.6761041666666666 0.45466249999999997 0.6849583333333332 0.46950624999999996 0.6854791666666666 0.47458437499999995 0.6875625 0.47809999999999997 0.6958958333333333 0.50544375 0.6943333333333332 0.5101312499999999 0.6906874999999999 0.513646875 0.6912083333333333 0.5179437499999999 0.6859999999999999 0.52263125 0.6859999999999999 0.52419375 0.6880833333333333 0.526928125 0.6875625 0.5277093749999999 0.6854791666666666 0.533178125 0.6875625 0.5359125 0.6849583333333332 0.53981875 0.6880833333333333 0.543725 0.6849583333333332 0.54763125 0.6870416666666667 0.5511468749999999 0.6854791666666666 0.555834375 0.6870416666666667 0.557396875 0.6833958333333333 0.575365625 0.6750624999999999 0.57888125 0.6708958333333332 0.57888125 0.6667291666666666 0.576146875 0.6630833333333332 0.5765374999999999 0.6594374999999999 0.57419375 0.657875 0.57419375 0.6526666666666666 0.57575625 0.6500625 0.5734125 0.6396458333333332 0.573803125 0.6276666666666666 0.56794375 0.6089166666666667 0.56794375 0.6042291666666666 0.57185 0.5958958333333333 0.587475 0.5880833333333333 0.5952875 0.5781875 0.59919375 0.5656874999999999 0.59685 0.5417291666666666 0.591771875 0.5255833333333333 0.58669375 0.5219375 0.571459375 0.5208958333333333 0.5667718749999999 0.5235 0.563646875 0.5219375 0.559740625 0.5250625 0.556225 0.5245416666666667 0.48669375 0.5604791666666666 0.481615625 0.5599583333333332 0.47067812499999995 0.5698541666666667 0.462084375 0.5693333333333332 0.45309999999999995 0.5745416666666666 0.44099062499999997 0.5781875 0.43513124999999997 0.5761041666666666 0.43122499999999997 0.586 0.426928125 0.6047499999999999 0.42575624999999995 0.6182916666666666 0.42770937499999995 0.6276666666666666
0 0.46923828125 0.6647135416666666 0.03582812499999992 0.041135416666666674
0 0.55615234375 0.15486458333333333 0.03869531249999998 0.04288541666666668
0 0.63916015625 0.20719270833333334 0.0322265625 0.04028125000000002
0 0.48486328125 0.6302083333333334 0.03643750000000008 0.04634375000000001
0 0.5048828125 0.12801041666666665 0.03482031249999995 0.042234374999999984
0 0.68505859375 0.45801041666666664 0.02880859375 0.043296874999999936
0 0.62255859375 0.17122395833333334 0.03436328124999992 0.03871875000000002
0 0.59033203125 0.160890625 0.03549218750000005 0.041666666666666664
0 0.54052734375 0.13077604166666668 0.03616406249999997 0.04480208333333334
0 0.49389843750000006 0.10538541666666666 0.033140625000000055 0.044109375
0 0.5166015625 0.6360677083333334 0.03567578124999997 0.06599999999999989
0 0.60546875 0.14322916666666666 0.0341796875 0.03930729166666668
0 0.68115234375 0.49511979166666664 0.037109375 0.04199479166666661
0 0.63330078125 0.5439479166666668 0.04052734375 0.0514739583333333
0 0.52734375 0.10294791666666667 0.034242187499999945 0.03960937500000001
0 0.38232421875 0.19010416666666666 0.03823828124999999 0.04321354166666668
0 0.5615234375 0.103921875 0.03283593749999998 0.033692708333333335
0 0.63818359375 0.5888697916666668 0.031984375000000044 0.0392239583333333
0 0.59423828125 0.11637499999999999 0.031675781250000055 0.03176041666666667
0 0.66162109375 0.5348333333333334 0.037199218750000006 0.04777083333333329
0 0.61083984375 0.6393229166666666 0.032777343749999945 0.05603124999999996
0 0.63818359375 0.6438802083333334 0.028062500000000056 0.03849479166666659
2 0.2763671875 0.42285416666666664 0.06744531250000003 0.15486458333333328
0 0.57421875 0.131671875 0.035066406249999994 0.04075
0 0.46850781250000006 0.7311197916666666 0.023421875000000016 0.04353645833333341
0 0.58447265625 0.7063802083333334 0.024519531249999994 0.03363020833333342
0 0.60400390625 0.6751302083333334 0.027433593750000006 0.03212499999999992
0 0.64501953125 0.6946614583333334 0.023910156250000016 0.03629687500000003
0 0.67919921875 0.5182291666666666 0.03402734375000005 0.03466666666666664
0 0.59521484375 0.66015625 0.022371093749999994 0.041666666666666664
0 0.6650390625 0.5787760416666666 0.026304687500000055 0.03533854166666662
0 0.49292187500000006 0.7174479166666666 0.020218750000000084 0.032937499999999884
0 0.5302734375 0.75390625 0.025621093750000056 0.0367031249999999
0 0.640625 0.6165364583333334 0.026304687500000055 0.0338958333333333
0 0.56689453125 0.7174479166666666 0.02279687500000005 0.030802083333333268
0 0.6640625 0.605796875 0.025085937499999923 0.03212499999999992
0 0.49609375 0.7350260416666666 0.025375000000000016 0.028281250000000095
0 0.62548828125 0.697265625 0.02302734374999993 0.035604166666666735
0 0.54931640625 0.7493489583333334 0.024613281250000084 0.03735416666666656
0 0.54638671875 0.7220052083333334 0.023695312499999944 0.02943749999999999
0 0.5693359375 0.7428385416666666 0.02400390624999993 0.032937499999999884
0 0.607421875 0.7083333333333334 0.02475000000000005 0.0284427083333334
0 0.51708984375 0.7239583333333334 0.025664062499999928 0.02752604166666662
0 0.685546875 0.5686875 0.021773437499999916 0.032937499999999884
0 0.66748046875 0.646484375 0.020691406249999923 0.028484375000000027
0 0.68310546875 0.5986354166666668 0.021941406250000028 0.035072916666666745
0 0.48046875 0.5670572916666666 0.023726562499999916 0.018604166666666564
0 0.60986328125 0.7337239583333334 0.022203125000000056 0.03863541666666658
0 0.66015625 0.633140625 0.022843750000000006 0.030984374999999887
0 0.48583984375 0.7545572916666666 0.021699218750000072 0.028156249999999973
0 0.67919921875 0.6243489583333334 0.023652343750000072 0.03338541666666662
0 0.64501953125 0.7291666666666666 0.020371093750000034 0.029661458333333238
0 0.6279296875 0.7311197916666666 0.020722656250000072 0.032572916666666646
0 0.58447265625 0.4720052083333333 0.018769531250000072 0.038411458333333336
0 0.62353515625 0.572265625 0.014230468749999937 0.028484375000000027
0 0.50732421875 0.7467447916666666 0.02351562499999993 0.029213541666666742
0 0.591796875 0.7513020833333334 0.022933593750000016 0.03153645833333343
0 0.6279296875 0.60546875 0.020523437499999984 0.0372708333333333
0 0.51220703125 0.76171875 0.022628906249999935 0.025734374999999924
0 0.59033203125 0.728515625 0.023652343750000072 0.028645833333333332
2 0.52812109375 0.6090312499999999 0.20536328125 0.1304635416666668
2 0.244921875 0.2947916666666667 0.259375 0.3015625 0.262890625 0.2989583333333333 0.2671875 0.3020833333333333 0.277734375 0.3 0.28359375 0.3026041666666667 0.2890625 0.2984375 0.291015625 0.29322916666666665 0.301171875 0.2828125 0.311328125 0.26666666666666666 0.31484375 0.25364583333333335 0.3125 0.24947916666666667 0.29765625 0.24427083333333333 0.29296875 0.23125 0.28671875 0.2265625 0.284765625 0.23072916666666668 0.273046875 0.23645833333333333 0.26953125 0.24375 0.259375 0.2557291666666667 0.255078125 0.2635416666666667 0.250390625 0.2859375 0.244921875 0.2947916666666667