0 0.535265625 0.33481770833333335 0.049789062500000016 0.059291666666666624
2 0.3775703125 0.37736458333333334 0.20793749999999997 0.4902187500000001
0 0.51513671875 0.28808854166666664 0.041078124999999945 0.058145833333333355
0 0.5732421875 0.3336614583333333 0.039124999999999945 0.05244791666666669
0 0.56103515625 0.283203125 0.04168749999999992 0.05517708333333336
0 0.60986328125 0.33284375 0.03845312500000002 0.051760416666666725
0 0.50244140625 0.20328645833333334 0.03738281249999993 0.05550000000000003
0 0.57958984375 0.3844427083333333 0.04281640625000005 0.05326562499999999
0 0.599609375 0.2856458333333334 0.03860546874999997 0.05293750000000002
0 0.5146484375 0.23746875 0.038332031250000044 0.049598958333333346
0 0.595703125 0.431640625 0.04177734374999993 0.0548489583333333
0 0.6416015625 0.3289375 0.03390625000000007 0.047854166666666725
0 0.5859375 0.23616666666666666 0.04052734375 0.054567708333333326
0 0.61669921875 0.3824895833333333 0.03759765625 0.050130208333333336
0 0.63330078125 0.2833645833333333 0.035218749999999945 0.04976562499999997
0 0.63427734375 0.4772135416666667 0.034242187499999945 0.046875
0 0.66259765625 0.2864583333333333 0.030730468750000028 0.04353645833333332
0 0.67041015625 0.3297552083333333 0.031082031250000065 0.04378124999999997
0 0.60107421875 0.47884375 0.04016015624999998 0.04858333333333332
0 0.548828125 0.22444791666666666 0.039488281250000055 0.056317708333333334
0 0.62939453125 0.4296875 0.034605468750000055 0.04984375000000003
0 0.53515625 0.18196874999999998 0.038820312500000044 0.049479166666666664
0 0.6748046875 0.375328125 0.031984375000000044 0.04520833333333331
0 0.66015625 0.4661458333333333 0.03430078124999998 0.04801562500000003
0 0.64892578125 0.24544270833333334 0.030792968749999972 0.04378124999999997
0 0.64697265625 0.3782552083333333 0.034425781250000044 0.04711979166666668
0 0.65966796875 0.421875 0.032777343749999945 0.04829687500000001
0 0.57177734375 0.18847916666666667 0.03927734375000007 0.04931770833333336
0 0.6201171875 0.23958333333333334 0.035066406249999994 0.04667187500000001
0 0.47680859375000006 0.17871354166666667 0.035890625000000044 0.05761979166666666
0 0.60693359375 0.20068229166666668 0.03628515624999995 0.04565624999999998
0 0.47241406250000006 0.14249479166666665 0.034425781250000044 0.04135937499999998
0 0.6845703125 0.414390625 0.029312499999999984 0.04321354166666668
0 0.51220703125 0.1535625 0.03683593750000007 0.04296875
0 0.62255859375 0.5201822916666666 0.03854296875000003 0.04829687500000001
0 0.55615234375 0.15438020833333335 0.038820312500000044 0.042156249999999985
0 0.63916015625 0.20752083333333332 0.032652343750000055 0.041135416666666674
0 0.62353515625 0.17122395833333334 0.03482031249999995 0.038942708333333326
0 0.59033203125 0.15999479166666666 0.03533984374999992 0.04005729166666665
0 0.59765625 0.57421875 0.03616406249999997 0.044718750000000064
0 0.6845703125 0.4583333333333333 0.028550781250000056 0.044187499999999956
0 0.63916015625 0.5520833333333334 0.03143359374999992 0.04512499999999999
0 0.60546875 0.14273958333333334 0.034757812500000006 0.039166666666666676
0 0.681640625 0.49511979166666664 0.037046875000000055 0.041911458333333346
0 0.49389843750000006 0.10449479166666667 0.03372265624999997 0.04272395833333332
0 0.5068359375 0.12646354166666668 0.03567578124999997 0.04005729166666665
0 0.54052734375 0.130046875 0.03616406249999997 0.044802083333333326
0 0.58544921875 0.5218125 0.04052734375 0.05497395833333331
0 0.6416015625 0.5904947916666666 0.028214843750000006 0.04044791666666659
0 0.52783203125 0.10221354166666667 0.03469921874999997 0.038942708333333326
0 0.63916015625 0.6435572916666668 0.026960937499999994 0.037843749999999926
0 0.65869140625 0.5345052083333334 0.03332421874999998 0.04740624999999999
0 0.6650390625 0.5807291666666666 0.026808593750000043 0.04020312500000003
0 0.5615234375 0.103515625 0.033203125 0.03338541666666668
0 0.59423828125 0.11531770833333334 0.03125 0.03076041666666667
0 0.58740234375 0.609703125 0.03173828125 0.03792187499999997
0 0.57470703125 0.131671875 0.034757812500000006 0.040203124999999985
0 0.61669921875 0.6246770833333334 0.028488281249999935 0.035218749999999945
0 0.64453125 0.6927083333333334 0.025222656250000065 0.0367031249999999
0 0.60546875 0.6770833333333334 0.025039062499999966 0.03236979166666672
0 0.66357421875 0.6061197916666666 0.025132812500000056 0.03306250000000001
0 0.3564453125 0.2985052083333333 0.036894531250000015 0.0607083333333333
0 0.3151875 0.2820625 0.035066406249999994 0.050697916666666655
0 0.57861328125 0.4270833333333333 0.020218750000000084 0.038718749999999955
0 0.58984375 0.6380208333333334 0.026062499999999923 0.029541666666666563
0 0.6162109375 0.590171875 0.028015624999999923 0.039833333333333346
0 0.58935546875 0.662109375 0.026808593750000043 0.032005208333333236
0 0.58447265625 0.701171875 0.024382812500000028 0.035890624999999926
0 0.6796875 0.623046875 0.02456640624999995 0.03377083333333341
0 0.5859375 0.4703802083333333 0.02302734374999993 0.03849479166666671
0 0.62939453125 0.66634375 0.025132812500000056 0.029723958333333418
0 0.615234375 0.6516927083333334 0.027113281249999944 0.033510416666666744
0 0.685546875 0.5680364583333334 0.022843750000000006 0.03533854166666662
0 0.609375 0.7076822916666666 0.02302734374999993 0.028218749999999914
0 0.68212890625 0.5992864583333334 0.023820312500000006 0.03643750000000002
0 0.66845703125 0.6461614583333334 0.018875000000000065 0.027687499999999924
0 0.6591796875 0.6321614583333334 0.02140625000000007 0.03110937500000001
0 0.5771484375 0.5947291666666668 0.021988281249999984 0.0445156249999999
0 0.60986328125 0.7356770833333334 0.020964843750000028 0.03454687499999996
0 0.6279296875 0.7109375 0.019835937500000077 0.02805729166666661
0 0.62841796875 0.7298177083333334 0.020570312499999945 0.029317708333333314
0 0.6767578125 0.529625 0.04083203125000008 0.04658854166666669
0 0.33203125 0.3289375 0.052335937500000006 0.054036458333333336
0 0.6708984375 0.7265625 0.016281249999999935 0.02186979166666655
0 0.59130859375 0.7311197916666666 0.022371093749999994 0.027687499999999924
0 0.6513671875 0.7213541666666666 0.018617187499999945 0.027463541666666678
0 0.67626953125 0.708984375 0.021867187500000006 0.028869791666666582
0 0.5927734375 0.7526041666666666 0.020492187500000016 0.028645833333333332
0 0.62548828125 0.5524114583333334 0.02595703124999993 0.03369270833333336
0 0.34912109375 0.2514635416666667 0.029875000000000006 0.04801562499999997
0 0.6845703125 0.689453125 0.017515625000000055 0.022562500000000086
2 0.278078125 0.263671875 0.048402343750000035 0.11840624999999999
2 0.337890625 0.6223958333333334 0.337890625 0.6302083333333334 0.348046875 0.6536458333333334 0.351953125 0.6578125 0.353515625 0.6645833333333333 0.3609375 0.6776041666666667 0.376953125 0.6890625 0.392578125 0.6947916666666667 0.4109375 0.6984375 0.43984375 0.696875 0.44375 0.6989583333333333 0.481640625 0.6927083333333334 0.48671875 0.684375 0.4939453125 0.6807291666666667 0.49765625 0.6822916666666666 0.50078125 0.671875 0.50546875 0.6697916666666667 0.50390625 0.659375 0.50703125 0.6536458333333334 0.49765625 0.6057291666666667 0.484375 0.6057291666666667 0.458203125 0.6151041666666667 0.45 0.6083333333333333 0.443359375 0.5880208333333333 0.43515625 0.5786458333333333 0.4328125 0.5786458333333333 0.43203125 0.5760416666666667 0.424609375 0.5796875 0.419921875 0.5776041666666667 0.405078125 0.5796875 0.4046875 0.5864583333333333 0.396484375 0.5880208333333333 0.390234375 0.6057291666666667 0.3859375 0.6104166666666667 0.380859375 0.6234375 0.3751953125 0.6223958333333334 0.370703125 0.61875 0.36953125 0.6114583333333333 0.35 0.590625 0.346875 0.5984375 0.339453125 0.6072916666666667 0.340625 0.6125 0.337890625 0.6223958333333334
0 0.508984375 0.6671875 0.50625 0.7052083333333333 0.508203125 0.7151041666666667 0.508203125 0.73125 0.525 0.7651041666666667 0.53359375 0.7708333333333334 0.572265625 0.7640625 0.580078125 0.7557291666666667 0.57890625 0.728125 0.56953125 0.6932291666666667 0.56484375 0.6885416666666667 0.558984375 0.6890625 0.55625 0.6916666666666667 0.552734375 0.6875 0.54921875 0.6776041666666667 0.545703125 0.6729166666666667 0.541015625 0.6708333333333333 0.536328125 0.6697916666666667 0.52734375 0.6796875 0.5171875 0.6588541666666666 0.51015625 0.6541666666666667 0.5078125 0.6572916666666667 0.50625 0.6619791666666667 0.508984375 0.6671875
0 0.48608203124999994 0.7285572916666666 0.05326953124999996 0.051078125000000085