2 0.385546875 0.27421875 0.14921875 0.27239583333333334
0 0.4009765625 0.2765625 0.044921875 0.058333333333333334
0 0.52690234375 0.288546875 0.04393359374999992 0.062276041666666636
0 0.39184765625 0.227375 0.045683593750000015 0.055583333333333346
0 0.51416015625 0.23828125 0.039640625000000006 0.051109375
0 0.36645703125 0.3111979166666667 0.045960937500000035 0.05859375
0 0.35693359375 0.2573229166666667 0.044007812500000035 0.05717187500000002
0 0.53369140625 0.330890625 0.043855468749999994 0.05708854166666662
0 0.599609375 0.28515625 0.03811718749999997 0.051677083333333346
0 0.5615234375 0.283203125 0.042570312500000006 0.05375000000000003
0 0.57421875 0.3333333333333333 0.04067968749999995 0.052083333333333336
0 0.6103515625 0.33203125 0.03875781249999992 0.05188020833333328
0 0.54248046875 0.3828125 0.045011718750000006 0.0553802083333333
0 0.501953125 0.20361458333333332 0.03738281249999993 0.05623437500000002
0 0.56103515625 0.431640625 0.042082031250000006 0.05334375000000004
0 0.64208984375 0.3302395833333333 0.034605468750000055 0.0486666666666667
0 0.3447265625 0.22575 0.039277343749999985 0.05053645833333332
0 0.62060546875 0.239421875 0.03561328125000003 0.047567708333333354
0 0.6337890625 0.2830416666666667 0.03567578124999997 0.048744791666666655
0 0.61767578125 0.3824895833333333 0.03747656250000002 0.05025000000000001
0 0.66064453125 0.4215520833333333 0.033203125 0.047932291666666654
0 0.54931640625 0.22249479166666666 0.04067968749999995 0.05346874999999998
0 0.59716796875 0.4309895833333333 0.039124999999999945 0.05069791666666663
0 0.53466796875 0.18115104166666668 0.03860546874999997 0.046755208333333326
0 0.634765625 0.4781927083333333 0.03384374999999995 0.04626562499999996
0 0.669921875 0.3294270833333333 0.030730468750000028 0.04536979166666662
0 0.6630859375 0.2875989583333334 0.031675781250000055 0.04520833333333331
0 0.650390625 0.24690625 0.03283593749999998 0.04512499999999999
0 0.6298828125 0.4303385416666667 0.03494140624999993 0.05033333333333338
0 0.66064453125 0.467125 0.0322265625 0.046671874999999946
0 0.57177734375 0.18782812499999998 0.0390625 0.04809375000000002
0 0.5859375 0.23372395833333334 0.039640625000000006 0.05159374999999997
0 0.6748046875 0.375328125 0.031984375000000044 0.04496354166666663
0 0.6474609375 0.379234375 0.03436328124999992 0.048463541666666644
0 0.60693359375 0.20003125 0.03643750000000008 0.04536979166666667
0 0.640625 0.20801041666666667 0.0341796875 0.04240104166666665
0 0.62353515625 0.17171354166666666 0.034242187499999945 0.03863541666666664
0 0.38208203124999995 0.19091666666666668 0.04147265624999998 0.049598958333333346
0 0.58251953125 0.38574479166666664 0.039124999999999945 0.051677083333333346
0 0.47192578125000006 0.14502083333333332 0.03549218750000005 0.04536979166666667
0 0.50390625 0.127359375 0.03488281250000007 0.04207291666666668
0 0.55615234375 0.15462499999999998 0.03845312500000002 0.041666666666666664
0 0.685546875 0.4147135416666667 0.030042968749999944 0.04305208333333337
0 0.47925000000000006 0.18131770833333333 0.03549218750000005 0.05944791666666666
0 0.60546875 0.14273958333333334 0.03561328125000003 0.03953124999999999
0 0.5126953125 0.15144791666666665 0.036222656250000006 0.04215625000000001
0 0.59033203125 0.15934375 0.035734375000000006 0.03930729166666668
0 0.57470703125 0.130046875 0.03561328125000003 0.03997916666666666
0 0.68603515625 0.45801041666666664 0.02726562500000007 0.04410937500000003
0 0.6865234375 0.496421875 0.028015624999999923 0.0397552083333333
0 0.5986328125 0.47884375 0.04153515624999997 0.050416666666666644
0 0.494140625 0.1050625 0.033203125 0.04337500000000002
0 0.54052734375 0.12988541666666667 0.03643750000000008 0.044963541666666676
0 0.52734375 0.101890625 0.034089843749999994 0.037270833333333336
0 0.484375 0.6354166666666666 0.03634765625000007 0.05159374999999997
0 0.63818359375 0.58821875 0.03582812499999992 0.04083333333333338
0 0.5947265625 0.11613020833333333 0.031203125000000043 0.03188020833333332
0 0.6328125 0.544921875 0.041078124999999945 0.05415625000000001
0 0.5615234375 0.10376041666666666 0.03259375000000002 0.033692708333333335
0 0.64111328125 0.6416041666666668 0.032960937500000044 0.041749999999999926
0 0.3571796875 0.6064479166666668 0.034882812499999985 0.042234375000000074
0 0.6650390625 0.5836614583333334 0.02726562500000007 0.03930729166666656
0 0.63916015625 0.6201197916666668 0.03271484375 0.03692708333333338
0 0.68115234375 0.6227239583333334 0.025328125000000055 0.03574479166666673
0 0.6630859375 0.6025416666666668 0.026109375000000056 0.03513541666666668
0 0.6259765625 0.6686197916666666 0.027847656249999984 0.03318229166666668
0 0.60498046875 0.6731770833333334 0.028929687499999978 0.03533854166666662
0 0.68603515625 0.5686875 0.022843750000000006 0.035604166666666735
0 0.6591796875 0.6337916666666668 0.024992187500000006 0.03344791666666656
0 0.68701171875 0.533203125 0.02433593750000007 0.03792187499999997
0 0.46899609375000006 0.7298177083333334 0.028015624999999923 0.04410937500000003
0 0.6123046875 0.65071875 0.0322265625 0.04353645833333341
0 0.66552734375 0.5442708333333334 0.028015624999999923 0.04097395833333337
0 0.517578125 0.7233072916666666 0.027800781250000028 0.03005208333333324
0 0.6455078125 0.6953125 0.025664062499999928 0.04488020833333337
0 0.51708984375 0.6354166666666666 0.03533984374999992 0.0669739583333334
0 0.56982421875 0.7408854166666666 0.024796875000000006 0.0314114583333333
0 0.60986328125 0.6276041666666666 0.03137109374999998 0.0392239583333333
0 0.54931640625 0.7454427083333334 0.02328515625000005 0.03363020833333342
0 0.66552734375 0.6474635416666668 0.022156249999999923 0.03159374999999993
0 0.58447265625 0.70703125 0.024839843750000055 0.03401562499999997
0 0.626953125 0.6959635416666666 0.023695312499999944 0.03230729166666677
0 0.52978515625 0.7493489583333334 0.024093749999999935 0.03263541666666659
0 0.5673828125 0.716796875 0.023820312500000006 0.031635416666666555
0 0.5458984375 0.720703125 0.023070312499999978 0.029093750000000067
0 0.49462890625 0.734375 0.024992187500000006 0.027687499999999924
2 0.419921875 0.7721354166666666 0.10540625 0.1324062499999999
0 0.607421875 0.7057291666666666 0.024933593749999972 0.026895833333333268
0 0.62939453125 0.712890625 0.022628906249999935 0.02516666666666675
0 0.68310546875 0.6005885416666668 0.025085937499999923 0.035890624999999926
0 0.5908203125 0.728515625 0.02279687500000005 0.02772916666666655
0 0.60986328125 0.7298177083333334 0.02133203125000005 0.031635416666666555
2 0.28784375 0.26448437500000005 0.07080078125 0.11694270833333335
0 0.48950390625000006 0.7571614583333334 0.02700781249999995 0.03356770833333324
0 0.64599609375 0.7259114583333334 0.021042968749999957 0.025734374999999924
0 0.67138671875 0.51790625 0.02302734374999993 0.030864583333333327
0 0.5908203125 0.7532552083333334 0.021621093749999966 0.02467708333333339
0 0.387453125 0.6070989583333334 0.03004296875000003 0.03318229166666668
2 0.334765625 0.6333333333333333 0.330078125 0.653125 0.334375 0.6619791666666667 0.3359375 0.6708333333333333 0.34140625 0.6760416666666667 0.341796875 0.68125 0.337890625 0.6854166666666667 0.338671875 0.6916666666666667 0.3375 0.6932291666666667 0.340625 0.6984375 0.34296875 0.6984375 0.353125 0.7166666666666667 0.37734375 0.7208333333333333 0.3921875 0.70625 0.3984375 0.696875 0.396875 0.6807291666666667 0.391796875 0.6684895833333333 0.392578125 0.6635416666666667 0.40703125 0.6192708333333333 0.414453125 0.6072916666666667 0.42734375 0.5708333333333333 0.428515625 0.5614583333333333 0.433984375 0.5484375 0.433203125 0.5416666666666666 0.434375 0.5364583333333334 0.437890625 0.5260416666666666 0.443359375 0.5171875 0.4484375 0.4979166666666667 0.45 0.4859375 0.448046875 0.48072916666666665 0.43984375 0.4708333333333333 0.438671875 0.4640625 0.435546875 0.4588541666666667 0.425390625 0.4552083333333333 0.4203125 0.4583333333333333 0.416796875 0.4578125 0.412109375 0.4510416666666667 0.409375 0.45 0.400390625 0.4505208333333333 0.395703125 0.45364583333333336 0.391796875 0.4578125 0.38125 0.4817708333333333 0.36484375 0.509375 0.365234375 0.5166666666666667 0.36328125 0.5270833333333333 0.343359375 0.55625 0.34453125 0.5697916666666667 0.334765625 0.6333333333333333
2 0.441796875 0.6578125 0.446875 0.6708333333333333 0.458203125 0.6828125 0.4609375 0.6786458333333333 0.465625 0.6760416666666667 0.470703125 0.6802083333333333 0.477734375 0.671875 0.496484375 0.6682291666666667 0.497265625 0.6739583333333333 0.50625 0.6734375 0.5078125 0.671875 0.520703125 0.6713541666666667 0.551953125 0.6619791666666667 0.553515625 0.6583333333333333 0.550390625 0.6572916666666667 0.548828125 0.6520833333333333 0.55 0.6510416666666666 0.555859375 0.6479166666666667 0.5640625 0.6473958333333333 0.570182421875 0.64375 0.57734375 0.6432291666666666 0.58125 0.6401041666666667 0.5796875 0.6265625 0.577734375 0.6229166666666667 0.577734375 0.6098958333333333 0.580078125 0.6015625 0.596484375 0.5927083333333333 0.60390625 0.5828125 0.607421875 0.5640625 0.59921875 0.5203125 0.59375 0.5083333333333333 0.578515625 0.5057291666666667 0.553515625 0.5192708333333333 0.524609375 0.5286458333333334 0.515234375 0.5354166666666667 0.511328125 0.5354166666666667 0.50625 0.5296875 0.505859375 0.525 0.5046875 0.525 0.469140625 0.5369791666666667 0.465234375 0.54375 0.46875 0.553125 0.4515625 0.5791666666666667 0.44296875 0.5864583333333333 0.433984375 0.6171875 0.434375 0.6307291666666667 0.441796875 0.6578125
2 0.25 0.3770833333333333 0.254296875 0.3890625 0.25390625 0.3958333333333333 0.250390625 0.40729166666666666 0.244140625 0.415625 0.248828125 0.4192708333333333 0.263671875 0.415625 0.269140625 0.4078125 0.278125 0.4041666666666667 0.287109375 0.3932291666666667 0.299609375 0.36875 0.313671875 0.3609375 0.31640625 0.35208333333333336 0.3140625 0.3328125 0.308984375 0.31979166666666664 0.305078125 0.31614583333333335 0.298046875 0.3145833333333333 0.28515625 0.3177083333333333 0.27578125 0.325 0.269140625 0.3338541666666667 0.259375 0.3359375 0.240234375 0.37135416666666665 0.240234375 0.37604166666666666 0.25 0.3770833333333333
2 0.29063671874999997 0.43975000000000003 0.11060546875000003 0.15071354166666673
2 0.261328125 0.4630208333333333 0.25703125 0.4895833333333333 0.253515625 0.4979166666666667 0.253125 0.5057291666666667 0.25546875 0.509375 0.263671875 0.5057291666666667 0.273828125 0.49583333333333335 0.30703125 0.471875 0.31796875 0.4661458333333333 0.326953125 0.4578125 0.330078125 0.4588541666666667 0.3390625 0.453125 0.344921875 0.4427083333333333 0.346484375 0.42239583333333336 0.341796875 0.4010416666666667 0.333984375 0.3828125 0.319921875 0.36666666666666664 0.31484375 0.3640625 0.308984375 0.3640625 0.29765625 0.37135416666666665 0.285546875 0.396875 0.273828125 0.40989583333333335 0.26640625 0.4359375 0.259765625 0.43854166666666666 0.256640625 0.4427083333333333 0.261328125 0.4557291666666667 0.261328125 0.4630208333333333
2 0.287109375 0.6140625 0.28671875 0.6427083333333333 0.302734375 0.6734375 0.31015625 0.6729166666666667 0.31875 0.66875 0.322265625 0.6697916666666667 0.322265625 0.6645833333333333 0.327734375 0.6578125 0.327734375 0.6494791666666667 0.330078125 0.6395833333333333 0.33125 0.5760416666666667 0.3328125 0.5723958333333333 0.33125 0.5677083333333334 0.334375 0.5645833333333333 0.336328125 0.546875 0.339453125 0.5364583333333334 0.338671875 0.5208333333333334 0.33046875 0.5088541666666667 0.321875 0.5010416666666667 0.31796875 0.5 0.311328125 0.5046875 0.305078125 0.5109375 0.301953125 0.5192708333333333 0.295703125 0.5265625 0.2859375 0.5661458333333333 0.28515625 0.5921875 0.287109375 0.6140625