2 0.32766929467519124 0.530420449152039 0.06263016064961757 0.20459089830407795
2 0.362890625 0.4030852977501405 0.15625 0.5176289288336143
0 0.5421875 0.3828125 0.04453125 0.05520833333333333
0 0.5146484375 0.28759765625 0.040252685546875 0.057698567708333336
0 0.5810546875 0.3850911458333333 0.040008544921875 0.053548177083333336
0 0.55908203125 0.4326171875 0.04296875 0.053466796875
0 0.60986328125 0.3323567708333333 0.038116455078125 0.051676432291666664
0 0.57080078125 0.3333333333333333 0.042083740234375 0.052734375
0 0.56103515625 0.2843424479166667 0.04132080078125 0.056640625
0 0.59765625 0.431640625 0.038604736328125 0.053141276041666664
0 0.50146484375 0.20328776041666666 0.036712646484375 0.054850260416666664
0 0.62939453125 0.4303385416666667 0.034881591796875 0.050333658854166664
0 0.5146484375 0.23876953125 0.038116455078125 0.05224609375
0 0.59912109375 0.28515625 0.037689208984375 0.0518798828125
0 0.56689453125 0.4801432291666667 0.0411376953125 0.052083333333333336
0 0.61767578125 0.3824869791666667 0.037109375 0.049845377604166664
0 0.5859375 0.23502604166666666 0.04046630859375 0.052937825520833336
0 0.67138671875 0.3297526041666667 0.0322265625 0.044189453125
0 0.6748046875 0.3753255208333333 0.03253173828125 0.0450439453125
0 0.64208984375 0.3292643229166667 0.034088134765625 0.048095703125
0 0.66259765625 0.28662109375 0.03125 0.043863932291666664
0 0.60107421875 0.5260416666666666 0.03643798828125 0.048014322916666664
0 0.6025390625 0.4801432291666667 0.03790283203125 0.049967447916666664
0 0.548828125 0.22412109375 0.0394287109375 0.055704752604166664
0 0.6611328125 0.4222005208333333 0.033538818359375 0.049031575520833336
0 0.634765625 0.4781901041666667 0.033660888671875 0.047566731770833336
0 0.66064453125 0.4664713541666667 0.033538818359375 0.047200520833333336
0 0.63330078125 0.28369140625 0.035003662109375 0.049845377604166664
0 0.53466796875 0.18310546875 0.038330078125 0.050984700520833336
0 0.63134765625 0.5234375 0.03448486328125 0.0474853515625
0 0.5625 0.5279947916666666 0.039947509765625 0.054850260416666664
0 0.64892578125 0.24560546875 0.0311431884765625 0.04345703125
0 0.6474609375 0.3785807291666667 0.034881591796875 0.047932942708333336
0 0.685546875 0.4143880208333333 0.029205322265625 0.042805989583333336
0 0.47705078125 0.17757161458333334 0.03704833984375 0.0576171875
0 0.57177734375 0.18929036458333334 0.0394287109375 0.050699869791666664
0 0.51220703125 0.153564453125 0.03607177734375 0.044026692708333336
0 0.6201171875 0.23844401041666666 0.035614013671875 0.048583984375
0 0.471923828125 0.14176432291666666 0.033599853515625 0.042317708333333336
0 0.60693359375 0.20052083333333334 0.036773681640625 0.045369466145833336
0 0.64013671875 0.20751953125 0.033721923828125 0.041280110677083336
0 0.5556640625 0.15437825520833334 0.037811279296875 0.0419921875
0 0.62353515625 0.1708984375 0.034027099609375 0.037984212239583336
0 0.68505859375 0.4580078125 0.0292510986328125 0.04345703125
0 0.58984375 0.16072591145833334 0.035614013671875 0.0411376953125
0 0.494140625 0.10538736979166667 0.033599853515625 0.043863932291666664
0 0.64013671875 0.5891927083333334 0.0300445556640625 0.038350423177083336
0 0.68212890625 0.4951171875 0.03607177734375 0.042805989583333336
0 0.54052734375 0.13126627604166666 0.036346435546875 0.046427408854166664
0 0.60595703125 0.14274088541666666 0.0343017578125 0.0389404296875
0 0.57421875 0.13126627604166666 0.03521728515625 0.040283203125
0 0.52734375 0.102783203125 0.03424072265625 0.039388020833333336
0 0.5068359375 0.12736002604166666 0.035675048828125 0.04248046875
0 0.607421875 0.578125 0.033905029296875 0.038411458333333336
0 0.63916015625 0.6419270833333334 0.02655029296875 0.036580403645833336
0 0.603515625 0.67578125 0.0264129638671875 0.030008951822916668
0 0.52783203125 0.6959635416666666 0.02508544921875 0.051188151041666664
0 0.61376953125 0.595703125 0.03173828125 0.039896647135416664
0 0.59423828125 0.11678059895833333 0.0318603515625 0.032633463541666664
0 0.6162109375 0.6256510416666666 0.0279083251953125 0.035542805989583336
0 0.54443359375 0.7076822916666666 0.0218658447265625 0.031473795572916664
2 0.26318359375 0.447265625 0.0699462890625 0.158935546875
0 0.6650390625 0.578125 0.027008056640625 0.036641438802083336
2 0.403076171875 0.3151041666666667 0.0210113525390625 0.16845703125
0 0.66357421875 0.5384114583333334 0.035736083984375 0.0509033203125
0 0.64794921875 0.6591796875 0.0224609375 0.027689615885416668
0 0.5615234375 0.10319010416666667 0.032958984375 0.033447265625
0 0.640625 0.6175130208333334 0.0265045166015625 0.03350830078125
0 0.247314453125 0.4404296875 0.0216522216796875 0.032877604166666664
0 0.61474609375 0.6513671875 0.0256195068359375 0.0306396484375
0 0.6640625 0.6064453125 0.0248870849609375 0.03070068359375
0 0.62841796875 0.6656901041666666 0.0254669189453125 0.028706868489583332
0 0.5654296875 0.7096354166666666 0.019989013671875 0.019938151041666668
0 0.59716796875 0.6595052083333334 0.022369384765625 0.042561848958333336
0 0.5869140625 0.7044270833333334 0.0202178955078125 0.017557779947916668
0 0.68359375 0.5986328125 0.0222930908203125 0.035135904947916664
0 0.60498046875 0.6966145833333334 0.0194549560546875 0.017425537109375
0 0.66796875 0.6468098958333334 0.020172119140625 0.027262369791666668
0 0.68603515625 0.5677083333333334 0.02203369140625 0.03350830078125
0 0.62548828125 0.5465494791666666 0.026153564453125 0.03961181640625
0 0.2489013671875 0.49609375 0.0167236328125 0.022379557291666668
0 0.6796875 0.6236979166666666 0.022979736328125 0.031290690104166664
2 0.34033203125 0.19254557291666666 0.09619140625 0.10465494791666667
0 0.2440185546875 0.40234375 0.022674560546875 0.03826904296875
0 0.6591796875 0.6331380208333334 0.0209197998046875 0.029317220052083332
0 0.68798828125 0.5319010416666666 0.0241851806640625 0.035603841145833336
0 0.62353515625 0.6868489583333334 0.0193023681640625 0.0194091796875
0 0.2462158203125 0.4697265625 0.0230255126953125 0.033121744791666664
2 0.2188720703125 0.6907552083333334 0.07171630859375 0.1259765625
2 0.54345703125 0.828125 0.0321044921875 0.056233723958333336
0 0.60400390625 0.6324869791666666 0.018585205078125 0.0374755859375
2 0.32373046875 0.404296875 0.034881591796875 0.07120768229166667