2 0.3865234375 0.27421875 0.153515625 0.2713541666666667
0 0.418359375 0.32473958333333336 0.04765625 0.06510416666666667
0 0.40060165964266464 0.28009528411580703 0.0461853500403512 0.05847772599455133
2 0.2787109375 0.42109375 0.068359375 0.1609375
2 0.2822265625 0.26510416666666664 0.059765625 0.10625
2 0.5212890625 0.5979166666666667 0.172265625 0.14270833333333333
0 0.41953125 0.6497395833333334 0.0390625 0.08489583333333334
0 0.5421875 0.3828125 0.04453125 0.05520833333333333
0 0.5810546875 0.3854166666666667 0.03985595703125 0.053548177083333336
0 0.3935546875 0.2294921875 0.046112060546875 0.056844075520833336
0 0.36474609375 0.3103841145833333 0.042724609375 0.0565185546875
0 0.55859375 0.4326171875 0.043121337890625 0.053466796875
0 0.60986328125 0.3323567708333333 0.0384521484375 0.051676432291666664
0 0.59765625 0.431640625 0.038818359375 0.053059895833333336
0 0.56103515625 0.28466796875 0.04193115234375 0.057169596354166664
0 0.50244140625 0.20247395833333334 0.037811279296875 0.054850260416666664
0 0.62939453125 0.4300130208333333 0.034881591796875 0.0496826171875
0 0.5146484375 0.2392578125 0.038604736328125 0.0523681640625
0 0.35595703125 0.2565104166666667 0.042236328125 0.052734375
0 0.5859375 0.23567708333333334 0.04083251953125 0.0545654296875
0 0.6171875 0.3828125 0.037689208984375 0.049967447916666664
0 0.67138671875 0.3299153645833333 0.0322265625 0.044637044270833336
0 0.6748046875 0.3756510416666667 0.0322265625 0.045206705729166664
0 0.66064453125 0.4215494791666667 0.033203125 0.048095703125
0 0.59912109375 0.2853190104166667 0.03802490234375 0.052571614583333336
0 0.6416015625 0.3292643229166667 0.03436279296875 0.048095703125
0 0.66064453125 0.4658203125 0.033782958984375 0.0465087890625
0 0.34423828125 0.22216796875 0.0364990234375 0.045206705729166664
0 0.63427734375 0.478515625 0.033905029296875 0.046875
0 0.6630859375 0.2864583333333333 0.0311431884765625 0.043294270833333336
0 0.53466796875 0.18391927083333334 0.03839111328125 0.052734375
0 0.63330078125 0.2838541666666667 0.035003662109375 0.050130208333333336
0 0.479248046875 0.1796875 0.03704833984375 0.056966145833333336
0 0.6005859375 0.4794921875 0.039794921875 0.049031575520833336
0 0.64892578125 0.24576822916666666 0.0309600830078125 0.043782552083333336
0 0.68603515625 0.4143880208333333 0.02880859375 0.04248046875
0 0.57177734375 0.18863932291666666 0.039642333984375 0.049601236979166664
0 0.64697265625 0.3782552083333333 0.03448486328125 0.047200520833333336
0 0.47216796875 0.14249674479166666 0.03424072265625 0.042561848958333336
0 0.6201171875 0.23844401041666666 0.035491943359375 0.045817057291666664
0 0.60693359375 0.20084635416666666 0.036712646484375 0.045654296875
0 0.54931640625 0.22672526041666666 0.03948974609375 0.057291666666666664
0 0.51318359375 0.15144856770833334 0.035888671875 0.041910807291666664
0 0.6396484375 0.20833333333333334 0.0333251953125 0.042154947916666664
0 0.484619140625 0.6337890625 0.03643798828125 0.054646809895833336
0 0.68505859375 0.4580078125 0.0287017822265625 0.043212890625
0 0.5556640625 0.154052734375 0.038330078125 0.042724609375
0 0.50439453125 0.12801106770833334 0.0341796875 0.042887369791666664
0 0.382080078125 0.18994140625 0.037109375 0.043294270833333336
0 0.58984375 0.160888671875 0.035888671875 0.041524251302083336
0 0.623046875 0.1708984375 0.0341796875 0.0389404296875
0 0.63330078125 0.5439453125 0.040618896484375 0.051106770833333336
0 0.54052734375 0.13102213541666666 0.036285400390625 0.046671549479166664
0 0.493896484375 0.105224609375 0.03302001953125 0.044718424479166664
0 0.5712890625 0.3336588541666667 0.04193115234375 0.053548177083333336
0 0.6806640625 0.4947916666666667 0.037261962890625 0.041910807291666664
0 0.60546875 0.14274088541666666 0.034088134765625 0.039082845052083336
0 0.57421875 0.13216145833333334 0.035736083984375 0.041910807291666664
0 0.52734375 0.10262044270833333 0.03436279296875 0.039306640625
0 0.59423828125 0.11612955729166667 0.03155517578125 0.031351725260416664
0 0.5615234375 0.103515625 0.033203125 0.034220377604166664
0 0.6611328125 0.5338541666666666 0.037689208984375 0.04931640625
0 0.46875 0.7311197916666666 0.0237274169921875 0.0447998046875
0 0.66552734375 0.5791015625 0.02685546875 0.03533935546875
0 0.6796875 0.5182291666666666 0.03253173828125 0.033833821614583336
0 0.49267578125 0.7161458333333334 0.019683837890625 0.031941731770833336
0 0.685546875 0.5677083333333334 0.0213623046875 0.031412760416666664
0 0.49560546875 0.7337239583333334 0.02447509765625 0.026448567708333332
0 0.68359375 0.5983072916666666 0.021697998046875 0.033894856770833336
0 0.6240234375 0.5716145833333334 0.01483917236328125 0.02801513671875
0 0.485595703125 0.75390625 0.0206451416015625 0.026957194010416668
0 0.48046875 0.5670572916666666 0.024383544921875 0.0186767578125
2 0.25927734375 0.6516927083333334 0.07763671875 0.13216145833333334
0 0.58544921875 0.4713541666666667 0.020416259765625 0.03997802734375
0 0.50634765625 0.7473958333333334 0.023284912109375 0.028544108072916668
0 0.51220703125 0.7623697916666666 0.0217742919921875 0.02203369140625
2 0.2354736328125 0.65625 0.040679931640625 0.08028157552083333
2 0.279052734375 0.6087239583333334 0.03228759765625 0.0523681640625