0 0.50340625 0.22362500000000002 0.04532812499999998 0.06845833333333336
0 0.5443359375 0.24713541666666666 0.039453125 0.0609375
0 0.53466796875 0.19368749999999998 0.038820312500000044 0.05957291666666666
0 0.56982421875 0.19759374999999998 0.039488281250000055 0.05684374999999999
0 0.47998046875 0.18440625 0.03732421875000007 0.059244791666666664
0 0.56884765625 0.3336614583333333 0.04544140624999997 0.053062499999999936
0 0.5849609375 0.239421875 0.041078124999999945 0.05188020833333334
0 0.5126953125 0.15869270833333332 0.03689453124999993 0.04451562500000002
0 0.47314453125 0.1501458333333333 0.03601171875000002 0.04667187500000001
0 0.60693359375 0.33040625 0.0390625 0.05127083333333336
0 0.61669921875 0.38671875 0.03869531249999998 0.05053645833333332
0 0.6396484375 0.333984375 0.034425781250000044 0.047932291666666654
0 0.61962890625 0.24446874999999998 0.03616406249999997 0.048093749999999984
0 0.66845703125 0.3346354166666667 0.0322265625 0.045041666666666674
0 0.66259765625 0.29199479166666664 0.03185937499999998 0.045572916666666664
0 0.60693359375 0.20442708333333334 0.03662109375 0.0431302083333333
0 0.6005859375 0.284015625 0.03811718749999997 0.051677083333333346
0 0.578125 0.390953125 0.04553124999999998 0.0525729166666667
0 0.67431640625 0.3805364583333333 0.03185937499999998 0.045817708333333346
0 0.63037109375 0.435546875 0.03561328125000003 0.04984375000000003
0 0.6494140625 0.2506510416666667 0.03253125000000008 0.043296875000000026
0 0.5556640625 0.16015625 0.03845312500000002 0.042317708333333336
0 0.63330078125 0.2877604166666667 0.03494140624999993 0.04801562500000003
0 0.68505859375 0.4195989583333333 0.029585937499999916 0.04378124999999997
0 0.6396484375 0.21126562499999998 0.03283593749999998 0.040140624999999965
0 0.58984375 0.164796875 0.03494140624999993 0.04174999999999998
0 0.5400390625 0.13615104166666667 0.036070312500000055 0.04313020833333335
0 0.623046875 0.17741145833333333 0.03283593749999998 0.03997916666666666
0 0.58935546875 0.4407552083333333 0.04183984375000005 0.046755208333333326
0 0.49341015625000006 0.11328125 0.03308203125000002 0.048947916666666674
0 0.662109375 0.47103125 0.031675781250000055 0.04435416666666671
0 0.50634765625 0.13216145833333334 0.03488281250000007 0.04280729166666668
0 0.66015625 0.4270833333333333 0.032164062500000055 0.048828125
0 0.60498046875 0.147296875 0.03384374999999995 0.03885937500000001
0 0.646484375 0.3834635416666667 0.032777343749999945 0.04838020833333338
0 0.5732421875 0.134765625 0.03488281250000007 0.03849479166666665
0 0.68701171875 0.5013020833333334 0.027742187499999994 0.041666666666666664
0 0.640625 0.5579427083333334 0.03204296875000008 0.040364583333333336
2 0.46362500000000006 0.4986979166666667 0.1032109375000001 0.11547916666666662
0 0.63232421875 0.4817708333333333 0.03698828125000002 0.04801562500000003
0 0.66357421875 0.5123697916666666 0.030562499999999916 0.043947916666666725
0 0.650390625 0.6744791666666666 0.02546874999999993 0.035604166666666735
0 0.62744140625 0.669921875 0.026656249999999916 0.036354166666666764
0 0.52734375 0.10636458333333333 0.03332421874999998 0.037354166666666654
0 0.62353515625 0.5166041666666668 0.029417968749999978 0.04050520833333338
0 0.6611328125 0.6090520833333334 0.030210937500000055 0.03629687500000003
0 0.59375 0.12077083333333333 0.032164062500000055 0.03300000000000001
0 0.56005859375 0.10831770833333333 0.03289843749999992 0.03356770833333333
0 0.55517578125 0.29296875 0.033203125 0.04435416666666671
0 0.56298828125 0.7154947916666666 0.027175781250000065 0.039531250000000046
0 0.68408203125 0.6064479166666668 0.02377343750000005 0.03713020833333332
0 0.66748046875 0.5501302083333334 0.028382812499999945 0.03885937500000001
0 0.658203125 0.6360677083333334 0.028105468749999928 0.035072916666666745
0 0.66455078125 0.5843125 0.028062500000000056 0.035484375000000054
0 0.68603515625 0.57259375 0.023468749999999972 0.03706770833333337
0 0.49829296875000006 0.7669270833333334 0.018156250000000006 0.0381249999999999
0 0.68603515625 0.4615885416666667 0.02670312500000005 0.04152604166666667
0 0.54736328125 0.73046875 0.019300781249999944 0.03769791666666673
0 0.515625 0.7604166666666666 0.018156250000000006 0.03086458333333345
0 0.60986328125 0.6966145833333334 0.024183593749999944 0.027953125000000037
0 0.55029296875 0.7526041666666666 0.022628906249999935 0.03407812499999992
0 0.51171875 0.7102864583333334 0.024183593749999944 0.035276041666666674
0 0.63037109375 0.69140625 0.025222656250000065 0.03263541666666659
0 0.587890625 0.7076822916666666 0.024886718750000016 0.028114583333333342
0 0.533203125 0.7649739583333334 0.02133203125000005 0.02516666666666675
0 0.609375 0.7115885416666666 0.023070312499999978 0.027000000000000076
0 0.63134765625 0.7115885416666666 0.024519531249999994 0.027953125000000037
0 0.6884765625 0.5367864583333334 0.02377343750000005 0.03713020833333332
0 0.67919921875 0.629234375 0.020445312500000055 0.030458333333333344
0 0.64990234375 0.705078125 0.01953125 0.026385416666666592
0 0.611328125 0.7493489583333334 0.018644531250000006 0.027463541666666678
0 0.48828125 0.7083333333333334 0.024476562499999945 0.05236979166666676
0 0.62890625 0.734375 0.021117187499999978 0.027223958333333322
0 0.6435546875 0.7291666666666666 0.018187499999999978 0.027953125000000037
0 0.57080078125 0.748046875 0.021910156250000055 0.030354166666666772
0 0.5927734375 0.755859375 0.021621093749999966 0.025796875000000104
0 0.576171875 0.7662760416666666 0.019636718749999994 0.021546874999999945
2 0.38427734375 0.2638333333333333 0.07104687500000004 0.09472916666666667
2 0.35234375 0.3015625 0.345703125 0.31354166666666666 0.3484375 0.34010416666666665 0.351953125 0.3515625 0.35859375 0.3890625 0.36328125 0.4036458333333333 0.36796875 0.4270833333333333 0.372265625 0.43802083333333336 0.376171875 0.44114583333333335 0.384375 0.4421875 0.42734375 0.42239583333333336 0.433984375 0.4171875 0.443359375 0.415625 0.44609375 0.41302083333333334 0.4484375 0.40677083333333336 0.443359375 0.38385416666666666 0.4390625 0.35052083333333334 0.437109375 0.3416666666666667 0.42890625 0.3229166666666667 0.422265625 0.2989583333333333 0.419921875 0.2875 0.4203125 0.275 0.416796875 0.271875 0.415234375 0.2635416666666667 0.4125 0.259375 0.4125 0.24947916666666667 0.416015625 0.24427083333333333 0.419921875 0.24479166666666666 0.417578125 0.24010416666666667 0.40546875 0.23020833333333332 0.400390625 0.21666666666666667 0.3921875 0.21666666666666667 0.37265625 0.228125 0.3546875 0.24375 0.353125 0.25104166666666666 0.35390625 0.26510416666666664 0.348828125 0.2755208333333333 0.349609375 0.2890625 0.35234375 0.3015625
2 0.257421875 0.42239583333333336 0.258984375 0.428125 0.259375 0.4354166666666667 0.2578125 0.440625 0.26015625 0.45260416666666664 0.259375 0.4744791666666667 0.270703125 0.4942708333333333 0.275 0.4984375 0.279296875 0.4984375 0.285546875 0.49114583333333334 0.29453125 0.4708333333333333 0.294140625 0.4640625 0.301171875 0.43854166666666666 0.301171875 0.42604166666666665 0.309765625 0.3984375 0.31796875 0.3963541666666667 0.326171875 0.3848958333333333 0.327734375 0.375 0.3375 0.37395833333333334 0.33828125 0.3723958333333333 0.334375 0.3609375 0.327734375 0.35625 0.32578125 0.35260416666666666 0.328125 0.3416666666666667 0.31015625 0.3203125 0.290625 0.30572916666666666 0.275 0.30833333333333335 0.270703125 0.315625 0.2671875 0.3182291666666667 0.263671875 0.328125 0.259765625 0.3296875 0.258203125 0.3338541666666667 0.258984375 0.3484375 0.26328125 0.35260416666666666 0.265234375 0.3614583333333333 0.24375 0.3958333333333333 0.24375 0.40520833333333334 0.257421875 0.42239583333333336
2 0.25625 0.2953125 0.2578125 0.3098958333333333 0.2640625 0.31979166666666664 0.3171875 0.2828125 0.321875 0.2713541666666667 0.32578125 0.26614583333333336 0.326171875 0.25833333333333336 0.31875 0.22447916666666667 0.3125 0.21875 0.298046875 0.2125 0.261328125 0.2598958333333333 0.259765625 0.26510416666666664 0.25625 0.2791666666666667 0.25625 0.2953125
2 0.37265625 0.6588541666666666 0.378515625 0.6635416666666667 0.381640625 0.6723958333333333 0.3875 0.6776041666666667 0.39921875 0.6817708333333333 0.409375 0.6822916666666666 0.419921875 0.6776041666666667 0.423046875 0.6630208333333333 0.425390625 0.6354166666666666 0.424609375 0.6072916666666667 0.428125 0.5817708333333333 0.428125 0.5536458333333333 0.4234375 0.5510416666666667 0.408203125 0.5489583333333333 0.4046875 0.553125 0.39921875 0.553125 0.3921875 0.5505208333333333 0.388671875 0.546875 0.384765625 0.5494791666666666 0.373046875 0.5640625 0.364453125 0.5796875 0.3671875 0.6223958333333334 0.37265625 0.6588541666666666
2 0.48470546875 0.6787614583333333 0.48900234375 0.6740739583333333 0.49329921875 0.675115625 0.49603359375 0.6792822916666666 0.49876796875 0.6787614583333333 0.51204921875 0.6949072916666666 0.50853359375 0.698553125 0.50931484375 0.7011572916666666 0.50501796875 0.7068864583333333 0.50501796875 0.7193864583333334 0.51673671875 0.720428125 0.55931484375 0.711053125 0.56712734375 0.704803125 0.57572109375 0.7058447916666667 0.58548671875 0.7027197916666666 0.59329921875 0.703240625 0.60814296875 0.696990625 0.61439296875 0.689178125 0.63509609375 0.6792822916666666 0.63763515625 0.6714697916666666 0.64290859375 0.668865625 0.64290859375 0.6646989583333334 0.63939296875 0.654803125 0.64681484375 0.650115625 0.65150234375 0.6339697916666667 0.65384609375 0.6324072916666666 0.65345546875 0.607928125 0.64798671875 0.6120947916666667 0.63822109375 0.6053239583333333 0.61712734375 0.604803125 0.60970546875 0.595428125 0.59056484375 0.6011572916666666 0.58626796875 0.604803125 0.58861171875 0.6084489583333333 0.58900234375 0.6131364583333333 0.58587734375 0.6183447916666667 0.58314296875 0.618865625 0.58001796875 0.614178125 0.57611171875 0.6120947916666667 0.56634609375 0.6136572916666666 0.56322109375 0.6120947916666667 0.55775234375 0.6152197916666666 0.55540859375 0.612615625 0.54017421875 0.626678125 0.50072109375 0.640740625 0.48861171875 0.6475114583333333 0.48118984375 0.6667822916666667 0.48118984375 0.679803125 0.48470546875 0.6787614583333333
2 0.471875 0.6489583333333333 0.473046875 0.6578125 0.4828125 0.6557291666666667 0.490234375 0.6614583333333334 0.499609375 0.6927083333333334 0.500390625 0.7010416666666667 0.4984375 0.7046875 0.501171875 0.7078125 0.505859375 0.7072916666666667 0.508203125 0.7114583333333333 0.5123046875 0.7125 0.51484375 0.71875 0.511328125 0.7203125 0.5140625 0.7213541666666666 0.517578125 0.7203125 0.52109375 0.7166666666666667 0.52265625 0.7109375 0.527734375 0.7083333333333334 0.540234375 0.70625 0.55703125 0.6989583333333333 0.583984375 0.6911458333333333 0.589453125 0.6854166666666667 0.591015625 0.678125 0.595703125 0.6786458333333333 0.61171875 0.6697916666666667 0.61875 0.6546875 0.62421875 0.6520833333333333 0.631640625 0.64375 0.634375 0.62890625 0.63828125 0.61875 0.63671875 0.6151041666666667 0.638671875 0.6109375 0.634375 0.5973958333333333 0.6296875 0.5963541666666666 0.623046875 0.6005208333333333 0.61484375 0.6005208333333333 0.61015625 0.5984375 0.6 0.6036458333333333 0.5953125 0.6036458333333333 0.59296875 0.6078125 0.5796875 0.6135416666666667 0.5765625 0.6171875 0.555859375 0.621875 0.551953125 0.625 0.5484375 0.6208333333333333 0.54296875 0.6208333333333333 0.541796875 0.6098958333333333 0.54375 0.6072916666666667 0.540625 0.6010416666666667 0.53671875 0.6015625 0.492578125 0.61875 0.4875 0.6229166666666667 0.489453125 0.6270833333333333 0.487890625 0.6338541666666667 0.485546875 0.6369791666666667 0.46953125 0.6442708333333333 0.46875 0.6463541666666667 0.471875 0.6489583333333333
2 0.4453125 0.6015625 0.448046875 0.6005208333333333 0.4515625 0.6026041666666667 0.471875 0.6333333333333333 0.468359375 0.6380208333333334 0.468359375 0.6463541666666667 0.4703125 0.6479166666666667 0.51796875 0.6385416666666667 0.524609375 0.6317708333333333 0.5359375 0.6286458333333333 0.541015625 0.6307291666666667 0.5421875 0.6276041666666666 0.546484375 0.6276041666666666 0.548046875 0.6317708333333333 0.55234375 0.6322916666666667 0.555859375 0.6291666666666667 0.5578125 0.6239583333333333 0.569140625 0.6276041666666666 0.56953125 0.6255208333333333 0.5671875 0.6229166666666667 0.5703125 0.6145833333333334 0.571875 0.615625 0.5828125 0.6109375 0.582421875 0.6067708333333334 0.58515625 0.6020833333333333 0.59453125 0.5958333333333333 0.592578125 0.5927083333333333 0.59453125 0.584375 0.601171875 0.5807291666666666 0.60859375 0.5723958333333333 0.61015625 0.5645833333333333 0.612890625 0.5609375 0.6140625 0.540625 0.608984375 0.5265625 0.60703125 0.5125 0.598828125 0.5109375 0.587109375 0.5161458333333333 0.576171875 0.5151041666666667 0.570703125 0.5203125 0.540234375 0.5322916666666667 0.482421875 0.5609375 0.456640625 0.5703125 0.446484375 0.5765625 0.439453125 0.5947916666666667 0.439453125 0.6072916666666667 0.4453125 0.6015625