2 0.45296484374999996 0.5038593749999999 0.167578125 0.3494791666666666
0 0.4517578125 0.44817708333333334 0.046484375 0.0640625
0 0.4103515625 0.46848958333333335 0.044140625 0.0609375
0 0.5423828125 0.3859375 0.044140625 0.059375
0 0.5333984375 0.3307291666666667 0.043359375 0.05625
0 0.51513671875 0.2869479166666667 0.04031249999999993 0.05603124999999999
0 0.57470703125 0.3333333333333333 0.04031249999999993 0.05265104166666663
0 0.5615234375 0.2825520833333333 0.040617187500000006 0.053062500000000026
0 0.6103515625 0.33203125 0.03732421875000007 0.05118749999999998
0 0.5810546875 0.3854166666666667 0.03942968750000002 0.05375000000000003
0 0.59765625 0.4322916666666667 0.03891015625000005 0.05314062499999998
0 0.55859375 0.4329427083333333 0.043703125000000044 0.05265104166666663
0 0.6298828125 0.4303385416666667 0.0341796875 0.05033333333333338
0 0.51513671875 0.23828125 0.03845312500000002 0.05127083333333336
0 0.599609375 0.2849947916666667 0.037687500000000006 0.051109375000000026
0 0.50146484375 0.20328645833333334 0.03634765625000007 0.05477083333333332
0 0.64208984375 0.3294270833333333 0.03366015625000003 0.047932291666666654
0 0.61767578125 0.3821614583333333 0.036222656250000006 0.049192708333333356
0 0.63525390625 0.4781927083333333 0.03366015625000003 0.04658854166666669
0 0.67529296875 0.3756510416666667 0.031496093750000044 0.04536979166666662
0 0.6708984375 0.3297552083333333 0.030730468750000028 0.04353645833333329
0 0.6630859375 0.287109375 0.031082031250000065 0.043703125000000016
0 0.66162109375 0.466796875 0.031984375000000044 0.046140624999999956
0 0.60205078125 0.47949479166666664 0.038820312500000044 0.05033333333333338
0 0.5869140625 0.234375 0.039124999999999945 0.051963541666666654
0 0.66064453125 0.4225260416666667 0.032472656250000044 0.04858333333333332
0 0.53466796875 0.18001562499999998 0.03759765625 0.045572916666666664
0 0.6201171875 0.23779166666666668 0.03488281250000007 0.04642708333333333
0 0.54931640625 0.22330729166666666 0.03955078125 0.0548489583333333
0 0.63330078125 0.2830416666666667 0.03469921874999997 0.0486666666666667
0 0.5712890625 0.18717708333333333 0.03839062500000008 0.04732291666666667
0 0.650390625 0.24577083333333333 0.03173828125 0.04272395833333332
0 0.47925000000000006 0.18180208333333334 0.038175781250000006 0.059895833333333336
0 0.607421875 0.19938020833333334 0.03643750000000008 0.04394791666666666
0 0.47216796875 0.14371875 0.034605468750000055 0.043296875
0 0.51220703125 0.15250520833333334 0.036222656250000006 0.042317708333333336
0 0.55615234375 0.15332291666666667 0.03790234375000008 0.04067187500000002
0 0.64013671875 0.20752083333333332 0.033601562499999994 0.04174999999999998
0 0.68603515625 0.41504166666666664 0.028593749999999928 0.0428072916666667
0 0.6474609375 0.37890625 0.03396484374999993 0.04858333333333332
0 0.623046875 0.17024999999999998 0.03347656249999993 0.037984375000000035
0 0.49365234375 0.10481770833333333 0.03271484375 0.04223437500000002
0 0.64111328125 0.5895208333333334 0.030152343750000022 0.04152604166666667
0 0.68603515625 0.458984375 0.028062500000000056 0.04345833333333336
0 0.63916015625 0.552734375 0.03161718750000002 0.0452864583333333
0 0.60546875 0.141765625 0.03448437500000008 0.038411458333333336
0 0.62255859375 0.5205104166666666 0.03790234375000008 0.05090104166666662
0 0.5908203125 0.16048437499999998 0.03561328125000003 0.039755208333333354
0 0.5068359375 0.1267083333333333 0.03567578124999997 0.04074999999999999
0 0.6396484375 0.6438802083333334 0.028976562499999935 0.0392239583333333
0 0.68603515625 0.4973958333333333 0.028929687499999978 0.03967187500000004
0 0.52734375 0.101890625 0.03390625000000007 0.03721354166666666
0 0.54052734375 0.12988541666666667 0.03616406249999997 0.044963541666666676
0 0.57421875 0.13029166666666667 0.034425781250000044 0.03967187500000001
0 0.6162109375 0.623375 0.029585937499999916 0.03834895833333339
0 0.666015625 0.5810572916666668 0.027589843750000044 0.04050520833333333
0 0.59423828125 0.11547916666666666 0.030851562500000006 0.031536458333333336
0 0.5615234375 0.10278125 0.031800781249999945 0.0320625
0 0.6416015625 0.6168645833333334 0.02700781249999995 0.034932291666666754
0 0.6806640625 0.6236979166666666 0.022718749999999944 0.0319427083333333
0 0.6640625 0.605796875 0.026152343749999928 0.03513541666666668
0 0.6142578125 0.5872395833333334 0.031800781249999945 0.045124999999999936
0 0.6279296875 0.66796875 0.02700781249999995 0.030703124999999904
0 0.6845703125 0.599609375 0.021117187499999978 0.0360104166666666
0 0.6640625 0.5390625 0.03448437500000008 0.051760416666666725
0 0.68603515625 0.568359375 0.022371093749999994 0.035541666666666555
0 0.66796875 0.6481145833333334 0.020964843750000028 0.030640624999999963
0 0.64501953125 0.6959635416666666 0.025085937499999923 0.04520833333333343
0 0.68798828125 0.5322291666666668 0.023238281249999916 0.03664062500000001
0 0.34399609375 0.60775 0.031203124999999953 0.040895833333333326
0 0.62744140625 0.6985677083333334 0.024230468750000077 0.03747395833333324
0 0.615234375 0.6500677083333334 0.028335937499999984 0.035218749999999945
0 0.60595703125 0.705078125 0.025269531250000022 0.03574479166666673
0 0.658203125 0.6324895833333334 0.021652343749999935 0.03454687499999996
0 0.64599609375 0.7259114583333334 0.022109374999999966 0.030109374999999973
0 0.58642578125 0.47168229166666664 0.022718749999999944 0.0392239583333333
2 0.27856640625 0.3120104166666666 0.10089062499999998 0.20849479166666665
0 0.6103515625 0.7376302083333334 0.020722656250000072 0.038859375000000064
2 0.36157421874999995 0.763671875 0.24328515624999994 0.19091666666666665
0 0.6279296875 0.736328125 0.020890625000000006 0.033322916666666674
2 0.2907734375 0.5029322916666666 0.06292578124999997 0.16593229166666662
2 0.20764062499999997 0.613609375 0.06549218750000001 0.1207708333333334
0 0.530734375 0.7223854166666667 0.03275000000000006 0.055479166666666656
0 0.5565781249999999 0.7317604166666667 0.02006250000000005 0.03339583333333328
0 0.50886328125 0.7389739583333333 0.021499999999999984 0.046984375000000016
0 0.49830078125000005 0.7503541666666667 0.01662499999999998 0.048911458333333255
0 0.45823828125 0.71665625 0.03025000000000002 0.05984895833333326
2 0.35390625 0.74375 0.365625 0.759375 0.376953125 0.7713541666666667 0.3890625 0.7786458333333334 0.392578125 0.784375 0.3984375 0.7854166666666667 0.4046875 0.7828125 0.4078125 0.7630208333333334 0.396484375 0.7447916666666666 0.386328125 0.7322916666666667 0.383984375 0.7197916666666667 0.373046875 0.7151041666666667 0.3609375 0.7140625 0.3578125 0.715625 0.35234375 0.7239583333333334 0.351953125 0.734375 0.35390625 0.74375