0 0.57191015625 0.39043229166666665 0.058812499999999976 0.051296875000000006
0 0.5685546875 0.33489583333333334 0.046484375 0.05416666666666667
0 0.61669921875 0.3863958333333333 0.03869531249999998 0.050130208333333336
0 0.58544921875 0.23958333333333334 0.04067968749999995 0.05188020833333334
0 0.60693359375 0.3307291666666667 0.03839062500000008 0.050416666666666644
0 0.6396484375 0.3336614583333333 0.03402734375000005 0.04740624999999999
0 0.60107421875 0.2836927083333334 0.03811718749999997 0.05127083333333336
0 0.63037109375 0.435546875 0.035554687499999994 0.04939583333333329
0 0.66845703125 0.3343125 0.03155468750000008 0.044026041666666654
0 0.5439453125 0.24674479166666666 0.04248046875 0.060588541666666655
0 0.61962890625 0.244140625 0.03601171875000002 0.04740624999999999
0 0.63330078125 0.2877604166666667 0.03533984374999992 0.047567708333333326
0 0.6630859375 0.291828125 0.031496093750000044 0.044802083333333326
0 0.6748046875 0.3802083333333333 0.031312499999999945 0.04488020833333337
0 0.59619140625 0.4388020833333333 0.03875781249999992 0.050901041666666674
0 0.662109375 0.47103125 0.03143359374999992 0.045041666666666674
0 0.6494140625 0.25097916666666664 0.03204296875000008 0.04329687499999997
0 0.60693359375 0.205078125 0.03594921875000008 0.043864583333333346
0 0.66015625 0.42676041666666664 0.03210546875000002 0.047645833333333346
0 0.68505859375 0.4195989583333333 0.029312499999999984 0.04296875
0 0.56982421875 0.19742708333333334 0.039640625000000006 0.057822916666666654
0 0.6328125 0.4811197916666667 0.03643750000000008 0.047203125000000054
0 0.48046875 0.18587499999999998 0.03796484375000002 0.06266145833333331
0 0.6474609375 0.383140625 0.03241015624999992 0.047645833333333346
0 0.5126953125 0.15788020833333333 0.036710937500000006 0.04394791666666666
0 0.47290234375000006 0.15088020833333332 0.03594921875000008 0.04809375000000002
0 0.68701171875 0.501953125 0.027222656250000022 0.04050520833333333
0 0.59033203125 0.16536458333333334 0.03515625 0.04240104166666665
0 0.640625 0.5579427083333334 0.03161718750000002 0.03967187500000004
0 0.50244140625 0.21109895833333334 0.038820312500000044 0.059895833333333336
0 0.5556640625 0.15975 0.03839062500000008 0.0428072916666667
0 0.638671875 0.21109895833333334 0.032472656250000044 0.03967187499999998
0 0.63525390625 0.5244166666666666 0.033140625000000055 0.042807291666666636
0 0.66357421875 0.5123697916666666 0.029816406249999972 0.04296875
0 0.623046875 0.17627083333333332 0.03253125000000008 0.03916666666666669
0 0.5400390625 0.13639583333333333 0.03582812499999992 0.044026041666666654
0 0.662109375 0.609703125 0.028273437500000043 0.03460937499999991
0 0.49341015625000006 0.11328125 0.033203125 0.04874479166666668
0 0.60498046875 0.14656770833333335 0.03308203125000002 0.038125000000000006
0 0.57275390625 0.1345208333333333 0.03454687500000002 0.03849479166666665
0 0.6640625 0.5846354166666666 0.026808593750000043 0.035604166666666735
0 0.6669921875 0.5501302083333334 0.027527343749999923 0.038270833333333344
0 0.658203125 0.6360677083333334 0.027374999999999972 0.03454687499999996
0 0.52685546875 0.10652604166666667 0.03301953125000008 0.037130208333333345
0 0.68408203125 0.6048177083333334 0.022933593750000016 0.03501562500000001
0 0.59375 0.120359375 0.03125 0.0320625
0 0.56005859375 0.10791145833333333 0.03241015624999992 0.03263541666666665
0 0.5556640625 0.29199479166666664 0.035066406249999994 0.04711979166666668
0 0.505859375 0.13240625 0.034425781250000044 0.04256249999999998
0 0.68603515625 0.5719427083333334 0.023238281249999916 0.035604166666666735
0 0.65087890625 0.6744791666666666 0.025328125000000055 0.03747395833333324
0 0.626953125 0.669921875 0.026503906249999966 0.03533854166666662
0 0.5634765625 0.7161458333333334 0.026808593750000043 0.041666666666666664
0 0.685546875 0.461265625 0.026109375000000056 0.0405885416666667
0 0.681640625 0.6220729166666668 0.021210937500000072 0.035218749999999945
0 0.54736328125 0.7298177083333334 0.019425781250000006 0.03989583333333328
0 0.515625 0.76171875 0.017777343750000084 0.034401041666666764
0 0.5498046875 0.7526041666666666 0.02279687500000005 0.03540104166666656
0 0.68798828125 0.5364583333333334 0.022886718750000055 0.035807291666666664
0 0.630859375 0.69140625 0.025222656250000065 0.03176041666666667
0 0.60986328125 0.697265625 0.023652343750000072 0.027953125000000037
0 0.53173828125 0.763671875 0.019761718750000056 0.02752604166666662
0 0.53515625 0.193359375 0.03875781249999992 0.05969270833333334
0 0.58837890625 0.70703125 0.025039062499999966 0.027588541666666563
0 0.498046875 0.7669270833333334 0.01791406250000005 0.03747395833333324
0 0.63134765625 0.7122395833333334 0.023558593749999978 0.0264895833333334
0 0.64208984375 0.6591822916666668 0.026550781249999923 0.04067187500000007
0 0.57080078125 0.7486979166666666 0.022109374999999966 0.02982812499999999
0 0.611328125 0.7141927083333334 0.021867187500000006 0.028604166666666705
0 0.64990234375 0.7063802083333334 0.018828124999999928 0.028932291666666762
0 0.57763671875 0.4371770833333333 0.017304687500000072 0.038411458333333336
0 0.603515625 0.6848958333333334 0.024093749999999935 0.026692708333333332
0 0.513671875 0.7161458333333334 0.022843750000000006 0.025937500000000096
0 0.59228515625 0.755859375 0.021042968749999957 0.02525000000000001
0 0.62841796875 0.7291666666666666 0.020597656250000006 0.02290625000000001
0 0.48828125 0.7096354166666666 0.024277343750000034 0.05216666666666659
0 0.2783203125 0.33691666666666664 0.04553124999999998 0.04821874999999996
0 0.611328125 0.75 0.017578125 0.02658854166666676
0 0.5751953125 0.765625 0.020417968749999994 0.021791666666666744
0 0.62841796875 0.7467447916666666 0.019835937500000077 0.02211458333333335
0 0.64404296875 0.7259114583333334 0.017378906249999916 0.027588541666666563
0 0.5625 0.765625 0.017777343750000084 0.020651041666666713
0 0.2673359375 0.388671875 0.045683593750000015 0.06014062500000002
2 0.39540234375 0.329375 0.09580859374999999 0.220046875
2 0.426953125 0.5338541666666666 0.430859375 0.5463541666666667 0.439453125 0.5510416666666667 0.466015625 0.5411458333333333 0.490625 0.528125 0.49375 0.5223958333333333 0.49609375 0.5098958333333333 0.5078125 0.5015625 0.512109375 0.49583333333333335 0.521484375 0.4901041666666667 0.523828125 0.4822916666666667 0.521875 0.4640625 0.526953125 0.4588541666666667 0.528125 0.45416666666666666 0.525390625 0.44583333333333336 0.515234375 0.44635416666666666 0.5078125 0.4401041666666667 0.490234375 0.4432291666666667 0.47890625 0.4484375 0.4703125 0.4473958333333333 0.45546875 0.4546875 0.4234375 0.47708333333333336 0.4140625 0.4859375 0.410546875 0.4921875 0.41015625 0.4973958333333333 0.426953125 0.5338541666666666
2 0.3671875 0.6223958333333334 0.37265625 0.6588541666666666 0.378125 0.6635416666666667 0.3828125 0.6739583333333333 0.387890625 0.6776041666666667 0.39921875 0.6817708333333333 0.412890625 0.6817708333333333 0.419921875 0.6776041666666667 0.425390625 0.6369791666666667 0.42578125 0.6192708333333333 0.42421875 0.6109375 0.428125 0.5802083333333333 0.427734375 0.5588541666666667 0.42890625 0.5526041666666667 0.408203125 0.5463541666666667 0.388671875 0.54375 0.378515625 0.5567708333333333 0.36484375 0.5791666666666667 0.364453125 0.5911458333333334 0.3671875 0.6223958333333334
2 0.440625 0.60625 0.44375 0.60625 0.446875 0.603125 0.4546875 0.6036458333333333 0.458203125 0.6005208333333333 0.45640156249999997 0.62359375 0.45868164062499994 0.6474223958333333 0.467578125 0.6463541666666667 0.462101953125 0.6646598958333333 0.48125 0.64375 0.490625 0.6427083333333333 0.494921875 0.6395833333333333 0.49765625 0.6416666666666667 0.50859375 0.634375 0.5140625 0.6354166666666666 0.544921875 0.6244791666666667 0.54765625 0.6270833333333333 0.5484375 0.6322916666666667 0.5515625 0.6317708333333333 0.554296875 0.6296875 0.55625 0.6234375 0.558984375 0.6208333333333333 0.566015625 0.6276041666666666 0.569140625 0.628125 0.569921875 0.6260416666666667 0.56640625 0.6239583333333333 0.566015625 0.6203125 0.5705078125 0.6161458333333333 0.584375 0.6109375 0.587127734375 0.5896255208333333 0.6141089843749999 0.5728953125 0.6125 0.5604166666666667 0.6140625 0.5479166666666667 0.61328125 0.5364583333333334 0.609765625 0.5260416666666666 0.60859375 0.5130208333333334 0.603515625 0.5083333333333333 0.58484765625 0.5039447916666666 0.576171875 0.5125 0.57265625 0.5182291666666666 0.540234375 0.5317708333333333 0.534375 0.5395833333333333 0.52421875 0.5427083333333333 0.522265625 0.5453125 0.516796875 0.5473958333333333 0.514453125 0.5447916666666667 0.515234375 0.5411458333333333 0.512890625 0.5401041666666667 0.490983203125 0.5379130208333333 0.477682421875 0.5475458333333333 0.481640625 0.5588541666666667 0.446484375 0.5760416666666667 0.439453125 0.5953125 0.4390625 0.6015625 0.440625 0.60625
2 0.48359375 0.6541666666666667 0.487890625 0.65625 0.49296875 0.665625 0.49921875 0.6921875 0.497265625 0.7052083333333333 0.5015625 0.709375 0.5046875 0.7072916666666667 0.50703125 0.7083333333333334 0.508203125 0.7130208333333333 0.50390625 0.7203125 0.509375 0.7244791666666667 0.513671875 0.7244791666666667 0.52109375 0.7208333333333333 0.523046875 0.7130208333333333 0.525390625 0.7098958333333333 0.5453125 0.7057291666666666 0.553125 0.7010416666666667 0.584375 0.6911458333333333 0.590625 0.6848958333333334 0.59140625 0.6807291666666667 0.612109375 0.6697916666666667 0.618359375 0.6552083333333333 0.6234375 0.6526041666666667 0.6328125 0.6432291666666666 0.63828125 0.6265625 0.637109375 0.6234375 0.639453125 0.6109375 0.634375 0.596875 0.627734375 0.5932291666666667 0.625 0.5864583333333333 0.619140625 0.5854166666666667 0.616015625 0.5880208333333333 0.61484375 0.5963541666666666 0.5953125 0.6036458333333333 0.593359375 0.6067708333333334 0.5734375 0.6177083333333333 0.554296875 0.6229166666666667 0.548046875 0.6213541666666667 0.53125 0.6265625 0.524609375 0.6255208333333333 0.522265625 0.6265625 0.521484375 0.6317708333333333 0.517578125 0.6307291666666667 0.494140625 0.6411458333333333 0.489453125 0.6411458333333333 0.48515625 0.6453125 0.485546875 0.6489583333333333 0.48359375 0.6541666666666667
2 0.25546875 0.2989583333333333 0.259375 0.31197916666666664 0.261328125 0.31197916666666664 0.26328125 0.30833333333333335 0.267578125 0.3098958333333333 0.272265625 0.3046875 0.283984375 0.303125 0.289453125 0.2984375 0.29140625 0.29322916666666665 0.303515625 0.2864583333333333 0.308203125 0.2755208333333333 0.318359375 0.2677083333333333 0.315234375 0.26458333333333334 0.31953125 0.259375 0.313671875 0.2552083333333333 0.312890625 0.25104166666666666 0.31484375 0.24791666666666667 0.31015625 0.23229166666666667 0.316015625 0.22447916666666667 0.3 0.21458333333333332 0.29140625 0.21979166666666666 0.259375 0.2609375 0.2515625 0.28854166666666664 0.251171875 0.29635416666666664 0.25546875 0.2989583333333333
2 0.25546875 0.4197916666666667 0.261328125 0.434375 0.258203125 0.4390625 0.26015625 0.45260416666666664 0.259765625 0.4744791666666667 0.27109375 0.4947916666666667 0.275 0.4984375 0.279296875 0.4984375 0.284765625 0.49270833333333336 0.2859375 0.4859375 0.292578125 0.475 0.30078125 0.43697916666666664 0.300390625 0.43020833333333336 0.302734375 0.415625 0.307421875 0.4041666666666667 0.30859375 0.396875 0.3109375 0.39375 0.314453125 0.37604166666666666 0.3203125 0.3703125 0.319140625 0.3619791666666667 0.32578125 0.34010416666666665 0.309765625 0.31927083333333334 0.290625 0.3046875 0.273828125 0.30885416666666665 0.271484375 0.3151041666666667 0.266796875 0.31875 0.2640625 0.328125 0.259375 0.33177083333333335 0.2578125 0.33697916666666666 0.258203125 0.3458333333333333 0.26171875 0.35 0.265625 0.3609375 0.24375 0.3958333333333333 0.244140625 0.40572916666666664 0.25546875 0.4197916666666667