2 0.37941796875 0.27198958333333334 0.16319921874999999 0.268734375
0 0.5421875 0.3828125 0.04453125 0.05520833333333333
0 0.5810546875 0.38509375 0.039796875000000044 0.053062499999999936
0 0.55859375 0.4322916666666667 0.043031249999999945 0.05367187499999997
0 0.60986328125 0.3325208333333334 0.03839062500000008 0.05216666666666671
0 0.59716796875 0.431640625 0.03891015625000005 0.052734375
0 0.5712890625 0.3336614583333333 0.04232812500000005 0.05367187499999997
0 0.63037109375 0.4293645833333333 0.03488281250000007 0.049031250000000054
0 0.56103515625 0.28434375 0.04177734374999993 0.05623437500000002
0 0.6171875 0.383140625 0.037535156250000055 0.05033333333333338
0 0.6748046875 0.375328125 0.031984375000000044 0.04463541666666669
0 0.67138671875 0.3302395833333333 0.0322265625 0.04443229166666664
0 0.66064453125 0.46582291666666664 0.033781250000000006 0.04606250000000003
0 0.501953125 0.20280208333333333 0.037535156250000055 0.05444270833333332
0 0.6416015625 0.329265625 0.0341796875 0.047932291666666654
0 0.63427734375 0.478515625 0.03390625000000007 0.046510416666666644
0 0.66064453125 0.4215520833333333 0.032777343749999945 0.048093749999999956
0 0.66259765625 0.286296875 0.031144531250000006 0.04321354166666668
0 0.60107421875 0.4798177083333333 0.039124999999999945 0.0486666666666667
0 0.599609375 0.28515625 0.03823828124999995 0.052369791666666644
0 0.68603515625 0.4140625 0.028929687499999978 0.041750000000000044
0 0.646484375 0.37890625 0.03430078124999998 0.047854166666666725
0 0.63330078125 0.284015625 0.03515625 0.05025000000000001
0 0.5146484375 0.23893229166666666 0.038332031250000044 0.0525729166666667
0 0.64892578125 0.24577083333333333 0.031019531249999944 0.043619791666666664
0 0.47241406250000006 0.14249479166666665 0.034605468750000055 0.04280729166666665
0 0.68505859375 0.45801041666666664 0.028761718750000043 0.04296875
0 0.5859375 0.23567708333333334 0.040464843750000055 0.05375000000000003
0 0.53466796875 0.18310416666666668 0.03839062500000008 0.05176041666666666
0 0.63916015625 0.20768229166666666 0.03289843749999992 0.04121874999999999
0 0.51220703125 0.15438020833333335 0.03677343749999995 0.04451562500000002
0 0.62255859375 0.1710625 0.03396484374999993 0.03863541666666664
0 0.55615234375 0.15462499999999998 0.03854296875000003 0.04247916666666664
0 0.6201171875 0.23893229166666666 0.035554687499999994 0.045572916666666664
0 0.47876171875000006 0.17822395833333332 0.036710937500000006 0.05708854166666667
0 0.60693359375 0.200359375 0.03650000000000002 0.04512499999999999
0 0.548828125 0.22363541666666667 0.03918359374999998 0.05529687499999998
0 0.49389843750000006 0.10538541666666666 0.03353906250000005 0.04386458333333332
0 0.57177734375 0.18880208333333334 0.03927734375000007 0.05033333333333333
0 0.60546875 0.14273958333333334 0.034242187499999945 0.039166666666666676
0 0.5068359375 0.12686979166666668 0.036070312500000055 0.042234374999999984
0 0.63330078125 0.5436197916666666 0.04083203125000008 0.0504166666666667
0 0.52734375 0.10278125 0.034242187499999945 0.03944791666666667
0 0.39233593750000006 0.22591145833333334 0.04394531250000004 0.05610937500000001
0 0.59033203125 0.16031770833333334 0.03533984374999992 0.04083333333333332
0 0.57421875 0.13142708333333336 0.03527734374999998 0.04050520833333334
0 0.54052734375 0.13077604166666668 0.03650000000000002 0.04581770833333332
0 0.6865234375 0.496421875 0.029082031249999928 0.0392239583333333
0 0.638671875 0.5885416666666666 0.031082031250000065 0.038411458333333336
0 0.35791015625 0.2578125 0.04327343749999999 0.05334375000000001
0 0.59423828125 0.11613020833333333 0.031312499999999945 0.03169791666666667
0 0.5615234375 0.103921875 0.032652343750000055 0.03460937499999999
0 0.60400390625 0.67578125 0.02685546875 0.03269270833333333
0 0.63818359375 0.64290625 0.02791015624999993 0.03778124999999998
0 0.48462109375000006 0.6318385416666668 0.03677343749999995 0.04777083333333323
0 0.58447265625 0.70703125 0.024839843750000055 0.033958333333333236
2 0.27587890625 0.4231770833333333 0.06683203124999997 0.1525052083333333
0 0.66552734375 0.5794270833333334 0.026199218750000065 0.03407812499999992
0 0.6455078125 0.6946614583333334 0.023652343750000072 0.0360104166666666
0 0.66162109375 0.53515625 0.03662109375 0.04858333333333338
0 0.38134765625 0.19010416666666666 0.036710937500000006 0.04296875
0 0.64013671875 0.6171875 0.026503906249999966 0.033119791666666745
0 0.59521484375 0.6598333333333334 0.021621093749999966 0.041994791666666725
0 0.5166015625 0.6373697916666666 0.036070312500000055 0.06721874999999997
0 0.49682812500000006 0.736328125 0.027113281249999944 0.0303958333333334
0 0.52978515625 0.7532552083333334 0.025910156249999972 0.036843749999999884
0 0.61083984375 0.6393229166666666 0.032652343750000055 0.05517708333333336
0 0.49341015625000006 0.7174479166666666 0.020597656250000006 0.03369270833333336
0 0.6640625 0.6061197916666666 0.024703124999999916 0.031229166666666686
0 0.5673828125 0.7174479166666666 0.022582031249999978 0.03086458333333345
0 0.517578125 0.7239583333333334 0.026109375000000056 0.027630208333333427
0 0.54931640625 0.75 0.024839843750000055 0.03735416666666656
0 0.546875 0.7220052083333334 0.024046874999999978 0.02982812499999999
0 0.46923828125 0.7317708333333334 0.024796875000000006 0.04581770833333323
0 0.607421875 0.7083333333333334 0.024429687499999984 0.02801562499999998
0 0.48901562500000006 0.7610677083333334 0.029816406249999972 0.036640624999999954
0 0.66015625 0.6324895833333334 0.02328515625000005 0.0314114583333333
0 0.56982421875 0.7421875 0.023695312499999944 0.03224479166666659
0 0.62646484375 0.69921875 0.022886718750000055 0.03486979166666657
0 0.6279296875 0.7298177083333334 0.021085937500000006 0.03153645833333343
0 0.60986328125 0.7337239583333334 0.022035156249999945 0.03678645833333339
0 0.685546875 0.568359375 0.022078124999999994 0.032755208333333265
0 0.66796875 0.646484375 0.019835937500000077 0.028708333333333277
0 0.68359375 0.5983072916666666 0.021285156249999916 0.0342187499999999
0 0.5107421875 0.7135416666666666 0.019789062499999944 0.02943749999999999
0 0.67578125 0.5182291666666666 0.02595703124999993 0.03153645833333337
0 0.6279296875 0.6051458333333334 0.019914062500000006 0.035890624999999926
0 0.48046875 0.5670572916666666 0.022886718750000055 0.01804687500000005
0 0.59130859375 0.7513020833333334 0.022933593750000016 0.03057812500000002
0 0.58544921875 0.4723333333333333 0.020597656250000006 0.03967187500000004
0 0.67919921875 0.6246770833333334 0.02253906249999993 0.032572916666666646
0 0.68798828125 0.53125 0.023375000000000055 0.032937499999999946
0 0.64453125 0.7291666666666666 0.02009765624999993 0.030458333333333344
0 0.59033203125 0.728515625 0.02377343750000005 0.02882812499999995
0 0.51220703125 0.7630208333333334 0.02253906249999993 0.0245364583333334
2 0.2868671875 0.2641614583333334 0.06310937499999998 0.11303645833333335
0 0.57666015625 0.7604166666666666 0.020890625000000006 0.02290625000000001
2 0.433203125 0.6229166666666667 0.435546875 0.628125 0.44375 0.6276041666666666 0.446875 0.6552083333333333 0.443359375 0.6578125 0.4453125 0.6619791666666667 0.445703125 0.6697916666666667 0.45625 0.6854166666666667 0.462109375 0.690625 0.474609375 0.690625 0.476171875 0.6895833333333333 0.474609375 0.6848958333333334 0.477734375 0.6770833333333334 0.4953125 0.6619791666666667 0.5046875 0.6744791666666666 0.506640625 0.6744791666666666 0.520703125 0.6713541666666667 0.525 0.6666666666666666 0.53125 0.6635416666666667 0.5375 0.665625 0.549609375 0.6625 0.55078125 0.6609375 0.547265625 0.6578125 0.549609375 0.6526041666666667 0.555859375 0.6489583333333333 0.56796875 0.6505208333333333 0.5703125 0.6473958333333333 0.577734375 0.6447916666666667 0.58046875 0.6375 0.577734375 0.6307291666666667 0.578125 0.6265625 0.5734375 0.6182291666666667 0.5765625 0.6078125 0.58125 0.6020833333333333 0.594921875 0.5947916666666667 0.6015625 0.5880208333333333 0.60703125 0.578125 0.607421875 0.5630208333333333 0.60546875 0.55 0.600390625 0.5328125 0.594140625 0.528125 0.582421875 0.5260416666666666 0.575 0.5296875 0.571875 0.528125 0.56953125 0.5322916666666667 0.5640625 0.5338541666666666 0.55390625 0.5411458333333333 0.53359375 0.5484375 0.50546875 0.5640625 0.493359375 0.5661458333333333 0.489453125 0.5635416666666667 0.485546875 0.5697916666666667 0.444140625 0.58125 0.4390625 0.5739583333333333 0.4375 0.6036458333333333 0.433203125 0.6229166666666667