0 0.64039453125 0.36223958333333334 0.05339843749999993 0.04844270833333333
0 0.67724609375 0.39355729166666664 0.04519531249999993 0.04536979166666662
0 0.63037109375 0.3063177083333333 0.042878906249999994 0.0470364583333333
0 0.67138671875 0.3081041666666666 0.03430078124999998 0.04410937500000003
0 0.65087890625 0.439453125 0.04724218750000002 0.05265104166666663
0 0.67431640625 0.3522135416666667 0.035066406249999994 0.044270833333333336
0 0.6806640625 0.47363541666666664 0.03732421875000007 0.040364583333333336
0 0.66357421875 0.264484375 0.031675781250000055 0.04504166666666665
0 0.65185546875 0.22330729166666666 0.032289062499999945 0.042645833333333334
0 0.5947265625 0.2574895833333333 0.044191406250000044 0.051677083333333346
0 0.63330078125 0.2596041666666667 0.03650000000000002 0.04874479166666668
0 0.64111328125 0.18522395833333333 0.034605468750000055 0.041135416666666674
0 0.62060546875 0.215984375 0.037199218750000006 0.047567708333333354
0 0.58056640625 0.21386979166666667 0.042726562500000044 0.058473958333333326
0 0.60791015625 0.178875 0.03796484375000002 0.04740624999999999
0 0.65625 0.512046875 0.03918359374999998 0.05069791666666663
0 0.4775390625 0.1589375 0.03811718749999997 0.06014062500000002
0 0.46997265625000006 0.12207291666666667 0.035734375000000006 0.04642708333333333
0 0.38671875 0.4723333333333333 0.05389453124999997 0.07027083333333337
0 0.5703125 0.170734375 0.04025390625000007 0.057697916666666654
0 0.625 0.14990104166666668 0.03500390625000005 0.03589062499999998
0 0.37646484375 0.4192708333333333 0.057191406249999986 0.06563541666666665
0 0.36059765625 0.3645833333333333 0.04138281250000002 0.05859375
0 0.6767578125 0.49707291666666664 0.030730468750000028 0.03206249999999997
0 0.53369140625 0.1643072916666667 0.03823828124999995 0.05957291666666666
0 0.51171875 0.12988541666666667 0.038175781250000006 0.04471875000000001
0 0.5546875 0.13305729166666666 0.03942968750000002 0.043296874999999985
0 0.50048828125 0.18131770833333333 0.037535156250000055 0.06026041666666669
0 0.49096875000000006 0.082640625 0.03210546875000002 0.04451562499999999
0 0.60205078125 0.625328125 0.030625000000000034 0.06196875000000001
0 0.6318359375 0.5813802083333334 0.03488281250000007 0.05053645833333344
0 0.5400390625 0.10791145833333333 0.037046875000000055 0.047036458333333336
0 0.5888671875 0.693359375 0.024476562499999945 0.0518802083333334
0 0.40234375 0.523765625 0.050230468750000014 0.07430208333333338
0 0.47314453125 0.669921875 0.03192187499999992 0.04463541666666657
0 0.5263671875 0.07995833333333334 0.03500390625000005 0.038776041666666664
0 0.57421875 0.10791145833333333 0.03561328125000003 0.040364583333333336
0 0.6064453125 0.11905729166666666 0.03533984374999992 0.036234375
0 0.6259765625 0.6783854166666666 0.024429687499999984 0.046427083333333265
0 0.5029296875 0.10131770833333334 0.034757812500000006 0.040281249999999984
0 0.62060546875 0.6087239583333334 0.024140625000000072 0.0428072916666667
0 0.3845234375 0.28808854166666664 0.04232812499999996 0.06115625000000001
0 0.34790234375 0.312828125 0.040925781249999994 0.05631770833333327
0 0.3955078125 0.3453802083333333 0.04016015624999998 0.06278645833333331
0 0.662109375 0.5563177083333334 0.027527343749999923 0.03643750000000002
0 0.591796875 0.13688020833333334 0.036710937500000006 0.03997916666666666
0 0.681640625 0.578125 0.022109374999999966 0.03466666666666664
0 0.59521484375 0.09391145833333334 0.034089843749999994 0.03135416666666666
0 0.60791015625 0.6848958333333334 0.024476562499999945 0.0431302083333333
0 0.64404296875 0.6686197916666666 0.023421875000000016 0.040364583333333336
0 0.64892578125 0.543296875 0.02253906249999993 0.03460937499999996
0 0.4326171875 0.6712239583333334 0.029312499999999984 0.051109375000000054
0 0.56787109375 0.6907552083333334 0.022843750000000006 0.03448437500000002
0 0.68408203125 0.5465520833333334 0.021453125000000028 0.03318229166666668
0 0.662109375 0.5830104166666668 0.025511718749999978 0.03338541666666662
0 0.67724609375 0.6022135416666666 0.02140625000000007 0.030234375000000095
0 0.560546875 0.0806875 0.03366015625000003 0.031593750000000004
0 0.33154296875 0.22330729166666666 0.03942968750000002 0.05082291666666669
0 0.62890625 0.6259791666666668 0.028214843750000006 0.0360104166666666
0 0.338625 0.2618802083333333 0.04098437500000003 0.05293749999999999
0 0.37158203125 0.19547395833333334 0.032652343749999965 0.047036458333333364
0 0.4560546875 0.6744791666666666 0.022109374999999966 0.050046875000000074
0 0.66650390625 0.6276041666666666 0.021867187500000006 0.0303958333333334
0 0.5693359375 0.716796875 0.022886718750000055 0.032572916666666646
0 0.65771484375 0.6106770833333334 0.025039062499999966 0.030109374999999973
0 0.626953125 0.6474635416666668 0.023652343750000072 0.029317708333333314
0 0.6865234375 0.5104166666666666 0.022980468749999972 0.03401562499999997
0 0.64892578125 0.6363958333333334 0.021910156250000055 0.029947916666666668
0 0.64404296875 0.6966145833333334 0.021042968749999957 0.03369270833333336
0 0.59130859375 0.7298177083333334 0.020691406249999923 0.027322916666666686
0 0.376953125 0.23746875 0.037812499999999985 0.05570312500000003
0 0.250734375 0.39551041666666664 0.024703125000000003 0.04264583333333327
0 0.6259765625 0.7141927083333334 0.019011718750000028 0.026895833333333268
0 0.609375 0.7233072916666666 0.01652343750000007 0.024781249999999963
0 0.24694921875000003 0.4615885416666667 0.020417968749999994 0.03820833333333328
0 0.53076171875 0.7194010416666666 0.020796874999999916 0.05354687499999997
0 0.64892578125 0.5625 0.019011718750000028 0.030760416666666637
2 0.398813671875 0.19824427083333335 0.400766796875 0.22011927083333335 0.399985546875 0.2305359375 0.401548046875 0.23730677083333335 0.399985546875 0.24407760416666668 0.40037617187499996 0.2617859375 0.403501171875 0.2680359375 0.40623554687499996 0.26543177083333336 0.41014179687499996 0.26543177083333336 0.412876171875 0.27011927083333337 0.411704296875 0.2727234375 0.412485546875 0.27793177083333337 0.40818867187499996 0.28470260416666665 0.411313671875 0.2878276041666667 0.413266796875 0.2940776041666667 0.411313671875 0.32011927083333336 0.412485546875 0.3253276041666667 0.410923046875 0.32793177083333336 0.41209492187499996 0.3320984375 0.410532421875 0.3347026041666667 0.411313671875 0.3456401041666667 0.415610546875 0.3586609375 0.417563671875 0.3867859375 0.422251171875 0.41386927083333336 0.452329296875 0.5456401041666666 0.45506367187499996 0.5487651041666666 0.456626171875 0.5456401041666666 0.45701679687499996 0.5310567708333334 0.454673046875 0.5258484375 0.455844921875 0.5185567708333333 0.453891796875 0.5169942708333334 0.456235546875 0.5013692708333334 0.45311054687499996 0.49251510416666666 0.453841130078125 0.4909565265625 0.47182265624999997 0.5661958333333333 0.49168203125 0.5504421875 0.456626171875 0.4737651041666667 0.48846171875 0.5210833333333333 0.49114531250000004 0.4996010416666667 0.459751171875 0.4539734375 0.457798046875 0.44980677083333337 0.4734328125 0.44374687500000004 0.453501171875 0.3977234375 0.454673046875 0.38626510416666665 0.450376171875 0.38105677083333334 0.451548046875 0.3758484375 0.450766796875 0.36699427083333336 0.448032421875 0.3612651041666667 0.444907421875 0.3456401041666667 0.44139179687499996 0.3149109375 0.430844921875 0.27376510416666666 0.425376171875 0.22845260416666668 0.418735546875 0.20501510416666668 0.420688671875 0.1992859375 0.417563671875 0.19355677083333334 0.415610546875 0.18105677083333335 0.407407421875 0.1565776041666667 0.36782890625000003 0.08751250000000001 0.30026015625 0.18020520833333334 0.402719921875 0.1867859375 0.398813671875 0.19824427083333335
2 0.254296875 0.2994791666666667 0.258984375 0.3020833333333333 0.2640625 0.3020833333333333 0.271875 0.2994791666666667 0.27421875 0.29375 0.283984375 0.2828125 0.28359375 0.2791666666666667 0.29296875 0.2671875 0.29765625 0.2578125 0.297265625 0.2421875 0.298828125 0.23072916666666668 0.296875 0.22239583333333332 0.297265625 0.21510416666666668 0.301171875 0.20572916666666666 0.307421875 0.20052083333333334 0.306640625 0.19635416666666666 0.29375 0.19166666666666668 0.288671875 0.19270833333333334 0.284765625 0.20260416666666667 0.28203125 0.2046875 0.28046875 0.21770833333333334 0.27109375 0.2203125 0.272265625 0.2234375 0.271484375 0.22760416666666666 0.267578125 0.22708333333333333 0.2515625 0.24427083333333333 0.244140625 0.271875 0.24296875 0.2838541666666667 0.240625 0.290625 0.2359375 0.2942708333333333 0.236328125 0.30052083333333335 0.254296875 0.2994791666666667
2 0.26338671874999997 0.4231458333333334 0.07490234375 0.200140625
2 0.387890625 0.6614583333333334 0.397265625 0.6739583333333333 0.400390625 0.6765625 0.404296875 0.6755208333333333 0.41171875 0.6859375 0.42568359375 0.6885416666666667 0.43046875 0.6932291666666667 0.433984375 0.6916666666666667 0.43463554687499995 0.6932291666666667 0.440234375 0.69375 0.454296875 0.7015625 0.466796875 0.6994791666666667 0.46953125 0.69375 0.4859375 0.6880208333333333 0.49765625 0.6916666666666667 0.5015625 0.696875 0.509375 0.7015625 0.517578125 0.7026041666666667 0.52109375 0.6973958333333333 0.52109375 0.6890625 0.512890625 0.6817708333333333 0.50234375 0.6770833333333334 0.498046875 0.6453125 0.486328125 0.6135416666666667 0.47109375 0.615625 0.4640625 0.6140625 0.461328125 0.6114583333333333 0.461328125 0.6072916666666667 0.45859375 0.60625 0.455078125 0.6072916666666667 0.455078125 0.6098958333333333 0.459375 0.6166666666666667 0.456640625 0.6213541666666667 0.453125 0.6234375 0.438671875 0.6234375 0.406640625 0.63125 0.403125 0.63125 0.4 0.6265625 0.3921875 0.6239583333333333 0.387109375 0.6260416666666667 0.382421875 0.6348958333333333 0.38203125 0.6473958333333333 0.387890625 0.6614583333333334
2 0.44296875 0.7510416666666667 0.4625 0.7635416666666667 0.465234375 0.7619791666666667 0.474609375 0.7661458333333333 0.478515625 0.7734375 0.483984375 0.759375 0.495703125 0.75625 0.501953125 0.7510416666666667 0.5171875 0.7447916666666666 0.5203125 0.740625 0.52109375 0.7359375 0.51953125 0.7322916666666667 0.5171875 0.709375 0.51328125 0.7067708333333333 0.490234375 0.7125 0.486328125 0.7145833333333333 0.482421875 0.7223958333333333 0.476953125 0.7260416666666667 0.471875 0.7286458333333333 0.46640625 0.7286458333333333 0.4453125 0.7380208333333333 0.44140625 0.7421875 0.440234375 0.7473958333333334 0.44296875 0.7510416666666667
2 0.43984375 0.7479166666666667 0.4546875 0.7567708333333333 0.46640625 0.759375 0.473046875 0.7635416666666667 0.478515625 0.7635416666666667 0.487890625 0.7567708333333333 0.519921875 0.7401041666666667 0.52109375 0.7359375 0.519140625 0.7234375 0.51953125 0.7098958333333333 0.521484375 0.7010416666666667 0.52109375 0.6895833333333333 0.517578125 0.6859375 0.5015625 0.6776041666666667 0.491015625 0.684375 0.486328125 0.6848958333333334 0.459765625 0.7041666666666667 0.452734375 0.7057291666666666 0.4453125 0.7182291666666667 0.438671875 0.7234375 0.43671875 0.7291666666666666 0.436328125 0.7364583333333333 0.43984375 0.7479166666666667