2 0.38828125 0.2747395833333333 0.15234375 0.2703125
0 0.401953125 0.27682291666666664 0.04609375 0.058854166666666666
0 0.36494921874999997 0.31057291666666664 0.051558593750000006 0.05671875000000005
0 0.4201171875 0.3255208333333333 0.051171875 0.065625
0 0.387109375 0.3611979166666667 0.05546875 0.059895833333333336
2 0.28203125 0.26328125 0.06015625 0.10989583333333333
2 0.2748046875 0.42109375 0.058984375 0.15572916666666667
2 0.5205078125 0.6098958333333333 0.175390625 0.16354166666666667
0 0.541796875 0.38255208333333335 0.04375 0.05364583333333333
0 0.5810546875 0.3850911458333333 0.039947509765625 0.053466796875
0 0.55859375 0.4326171875 0.042816162109375 0.053670247395833336
0 0.60986328125 0.33251953125 0.038330078125 0.052083333333333336
0 0.56103515625 0.28466796875 0.041839599609375 0.057291666666666664
0 0.59765625 0.431640625 0.03875732421875 0.052734375
0 0.393310546875 0.22932942708333334 0.044281005859375 0.053955078125
0 0.51513671875 0.23942057291666666 0.038909912109375 0.0528564453125
0 0.50244140625 0.20279947916666666 0.038116455078125 0.054768880208333336
0 0.57080078125 0.333984375 0.042388916015625 0.054646809895833336
0 0.62939453125 0.4300130208333333 0.03460693359375 0.049601236979166664
0 0.345947265625 0.22428385416666666 0.038543701171875 0.047566731770833336
0 0.671875 0.3302408854166667 0.03277587890625 0.0447998046875
0 0.6171875 0.3828125 0.03759765625 0.050537109375
0 0.6748046875 0.3753255208333333 0.03240966796875 0.045369466145833336
0 0.5859375 0.23486328125 0.040679931640625 0.0533447265625
0 0.66064453125 0.4658203125 0.034088134765625 0.046590169270833336
0 0.6630859375 0.2864583333333333 0.0313720703125 0.04345703125
0 0.6416015625 0.3292643229166667 0.034088134765625 0.047566731770833336
0 0.63427734375 0.4788411458333333 0.033721923828125 0.046590169270833336
0 0.63330078125 0.2833658854166667 0.035064697265625 0.049397786458333336
0 0.66064453125 0.4215494791666667 0.032958984375 0.0482177734375
0 0.479248046875 0.17887369791666666 0.03753662109375 0.056437174479166664
0 0.548828125 0.22477213541666666 0.03985595703125 0.056966145833333336
0 0.6005859375 0.4798177083333333 0.039794921875 0.048746744791666664
0 0.53515625 0.1826171875 0.038818359375 0.050537109375
0 0.472412109375 0.14200846354166666 0.03448486328125 0.041829427083333336
0 0.685546875 0.4143880208333333 0.0290374755859375 0.04296875
0 0.64892578125 0.24576822916666666 0.0312042236328125 0.043863932291666664
0 0.64697265625 0.3785807291666667 0.034759521484375 0.047648111979166664
0 0.59912109375 0.2853190104166667 0.03790283203125 0.052164713541666664
0 0.5126953125 0.15087890625 0.03594970703125 0.041361490885416664
0 0.57177734375 0.18880208333333334 0.03948974609375 0.049763997395833336
0 0.6201171875 0.23876953125 0.03582763671875 0.046346028645833336
0 0.60693359375 0.20003255208333334 0.036712646484375 0.0447998046875
0 0.63916015625 0.20751953125 0.032958984375 0.04058837890625
0 0.68505859375 0.4580078125 0.0287017822265625 0.043212890625
0 0.38232421875 0.18977864583333334 0.038116455078125 0.04296875
0 0.556640625 0.15511067708333334 0.038909912109375 0.043212890625
0 0.493896484375 0.10563151041666667 0.033203125 0.044514973958333336
0 0.48486328125 0.6302083333333334 0.036285400390625 0.046956380208333336
0 0.35693359375 0.2672526041666667 0.042327880859375 0.037699381510416664
0 0.59033203125 0.16097005208333334 0.035736083984375 0.042073567708333336
0 0.46923828125 0.6643880208333334 0.034820556640625 0.040201822916666664
0 0.54052734375 0.13077799479166666 0.036285400390625 0.0452880859375
0 0.60595703125 0.14322916666666666 0.03424072265625 0.039082845052083336
0 0.623046875 0.1708984375 0.03424072265625 0.03826904296875
0 0.63330078125 0.5439453125 0.039947509765625 0.051188151041666664
0 0.68115234375 0.4947916666666667 0.036895751953125 0.0419921875
0 0.52734375 0.10335286458333333 0.0345458984375 0.03997802734375
0 0.5048828125 0.12736002604166666 0.0345458984375 0.0419921875
0 0.59423828125 0.11612955729166667 0.0316162109375 0.031046549479166668
0 0.63818359375 0.5891927083333334 0.03192138671875 0.039306640625
0 0.5615234375 0.103515625 0.03289794921875 0.033447265625
0 0.66162109375 0.5345052083333334 0.037261962890625 0.047648111979166664
0 0.57421875 0.13191731770833334 0.03515625 0.04058837890625
0 0.468505859375 0.7311197916666666 0.0232391357421875 0.044108072916666664
0 0.6787109375 0.5188802083333334 0.032470703125 0.03521728515625
0 0.6650390625 0.5784505208333334 0.0263519287109375 0.035746256510416664
0 0.4931640625 0.7174479166666666 0.0202178955078125 0.0333251953125
0 0.496337890625 0.7350260416666666 0.02532958984375 0.02886962890625
0 0.48046875 0.5670572916666666 0.0234222412109375 0.018391927083333332
0 0.685546875 0.5686848958333334 0.0217742919921875 0.032572428385416664
0 0.68310546875 0.5989583333333334 0.0221099853515625 0.035603841145833336
2 0.255615234375 0.6507161458333334 0.0855712890625 0.13289388020833334
0 0.491943359375 0.76171875 0.024932861328125 0.033060709635416664
0 0.58447265625 0.4716796875 0.01837158203125 0.03826904296875
2 0.23583984375 0.650390625 0.037689208984375 0.0736083984375
2 0.279052734375 0.6087239583333334 0.03240966796875 0.052449544270833336