2 0.369140625 0.356640625 0.17838671875000003 0.4969374999999999
0 0.51823828125 0.45069270833333336 0.056015625000000034 0.09409375000000005
0 0.5654296875 0.457359375 0.04183984375000005 0.056968749999999936
0 0.5966796875 0.43196875 0.039949218749999994 0.05477083333333337
0 0.57958984375 0.3854166666666667 0.042570312500000006 0.05375000000000003
0 0.515625 0.2877604166666667 0.04132031250000008 0.05802604166666668
0 0.53271484375 0.3302395833333333 0.04296875 0.05436458333333339
0 0.6103515625 0.33203125 0.03738281249999993 0.051677083333333346
0 0.6298828125 0.4303385416666667 0.03454687500000002 0.05053645833333332
0 0.56201171875 0.2838541666666667 0.04132031250000008 0.05509374999999998
0 0.56005859375 0.5078125 0.04016015624999998 0.050984375000000054
0 0.57373046875 0.333984375 0.04025390625000007 0.051760416666666725
0 0.67529296875 0.375328125 0.030562499999999916 0.044718749999999946
0 0.501953125 0.20101041666666666 0.03643750000000008 0.052734375
0 0.64208984375 0.3289375 0.03366015625000003 0.0486666666666667
0 0.6708984375 0.3297552083333333 0.030503906250000056 0.04345833333333336
0 0.662109375 0.465171875 0.03332421874999998 0.04801562500000003
0 0.60009765625 0.286296875 0.03845312500000002 0.05383333333333331
0 0.6171875 0.3828125 0.03677343749999995 0.049192708333333356
0 0.6630859375 0.286296875 0.030335937499999945 0.042885416666666655
0 0.634765625 0.47884375 0.034089843749999994 0.048093749999999956
0 0.66064453125 0.4215520833333333 0.03253125000000008 0.048828125
0 0.6015625 0.48144791666666664 0.03854296875000003 0.050984375000000054
0 0.6474609375 0.379234375 0.03430078124999998 0.04801562500000003
0 0.65087890625 0.24642187499999998 0.031144531250000006 0.04443229166666664
0 0.52978515625 0.5872395833333334 0.034242187499999945 0.0433750000000001
0 0.541015625 0.6181666666666668 0.03241015624999992 0.03930729166666656
0 0.56640625 0.592125 0.03347656249999993 0.044270833333333336
0 0.55712890625 0.5514322916666666 0.037535156250000055 0.046755208333333326
0 0.6337890625 0.2836927083333334 0.035402343750000044 0.05098437500000002
0 0.68603515625 0.41504166666666664 0.027800781250000028 0.04321354166666668
0 0.64013671875 0.5530625 0.030625000000000034 0.044270833333333336
0 0.47216796875 0.14201041666666667 0.034757812500000006 0.04058854166666666
0 0.61962890625 0.239421875 0.036070312500000055 0.050130208333333336
0 0.53515625 0.18310416666666668 0.03860546874999997 0.050619791666666636
0 0.60595703125 0.14249479166666665 0.03338671874999992 0.03877604166666668
0 0.64013671875 0.20784375 0.03289843749999992 0.04215624999999997
0 0.5859375 0.235515625 0.04016015624999998 0.05423958333333333
0 0.59765625 0.5738958333333334 0.03500390625000005 0.044802083333333326
0 0.62353515625 0.17122395833333334 0.03366015625000003 0.03871875000000002
0 0.494140625 0.1050625 0.033265624999999945 0.042317708333333336
0 0.6064453125 0.19938020833333334 0.03650000000000002 0.04565624999999998
0 0.685546875 0.45801041666666664 0.028273437500000043 0.04353645833333329
0 0.54931640625 0.22168229166666667 0.03927734375000007 0.052083333333333336
0 0.556640625 0.15438020833333335 0.038332031250000044 0.042072916666666654
0 0.5126953125 0.15332291666666667 0.03650000000000002 0.04353645833333335
0 0.57177734375 0.188640625 0.03955078125 0.049192708333333356
0 0.64111328125 0.5895208333333334 0.028015624999999923 0.03706770833333337
0 0.47632031250000006 0.17871354166666667 0.035066406249999994 0.05603125000000002
0 0.59033203125 0.161296875 0.03561328125000003 0.04321354166666668
0 0.58837890625 0.6106770833333334 0.031675781250000055 0.04058854166666658
0 0.52783203125 0.101890625 0.03448437500000008 0.037921875
0 0.59423828125 0.11637499999999999 0.03155468750000008 0.030984375000000005
0 0.5146484375 0.24577083333333333 0.03933593749999993 0.0607083333333333
0 0.62109375 0.5205104166666666 0.03650000000000002 0.04911458333333331
0 0.58935546875 0.6617864583333334 0.028441406249999978 0.03363020833333342
0 0.57373046875 0.13265104166666666 0.033781250000000006 0.04067187500000002
0 0.5615234375 0.103515625 0.032472656250000044 0.034666666666666665
0 0.68212890625 0.4954427083333333 0.035218749999999945 0.04337499999999998
0 0.54052734375 0.130046875 0.035890625000000044 0.04463541666666668
0 0.58837890625 0.638671875 0.029039062500000056 0.034932291666666754
0 0.63916015625 0.6419270833333334 0.026765624999999994 0.035890624999999926
0 0.50537109375 0.12825520833333334 0.03396484374999993 0.04005729166666665
0 0.66455078125 0.5826822916666666 0.025085937499999923 0.03574479166666673
0 0.57958984375 0.42676041666666664 0.020292968749999928 0.03713020833333332
0 0.6162109375 0.6246770833333334 0.02865625000000005 0.03533854166666662
0 0.615234375 0.591796875 0.029542968750000044 0.03806770833333341
0 0.64794921875 0.6595052083333334 0.022078124999999994 0.027630208333333427
0 0.58935546875 0.53515625 0.03643750000000008 0.04793229166666671
0 0.60498046875 0.6764322916666666 0.026152343749999928 0.031166666666666742
0 0.615234375 0.6516927083333334 0.026062499999999923 0.030802083333333268
0 0.68603515625 0.5680364583333334 0.021941406250000028 0.0342187499999999
0 0.66015625 0.5345052083333334 0.032472656250000044 0.046875
0 0.68359375 0.59765625 0.021773437499999916 0.03481250000000007
0 0.67822265625 0.623046875 0.024140625000000072 0.03206249999999997
0 0.62890625 0.6653645833333334 0.025269531250000022 0.026348958333333408
0 0.66845703125 0.646484375 0.019164062499999978 0.02711979166666675
0 0.66357421875 0.6070989583333334 0.02400390624999993 0.03110937500000001
0 0.6884765625 0.5322291666666668 0.023957031249999972 0.037270833333333364
0 0.5888671875 0.5133489583333334 0.029648437500000034 0.03806770833333329
0 0.54345703125 0.7115885416666666 0.026304687500000055 0.04272395833333344
0 0.54638671875 0.535484375 0.021621093749999966 0.039000000000000055
0 0.64501953125 0.6940104166666666 0.024476562499999945 0.03540104166666656
0 0.60791015625 0.7115885416666666 0.02377343750000005 0.032005208333333236
0 0.6591796875 0.6337916666666668 0.019988281250000028 0.028932291666666762
0 0.583984375 0.6998697916666666 0.023695312499999944 0.0360104166666666
0 0.62646484375 0.6985677083333334 0.023070312499999978 0.035218749999999945
0 0.56396484375 0.70703125 0.023558593749999978 0.03678645833333339
0 0.62841796875 0.7350260416666666 0.02084375000000005 0.027000000000000076
0 0.60986328125 0.7376302083333334 0.02091796875000007 0.03871875000000007
2 0.2605 0.426109375 0.06085156249999999 0.20035937500000003
0 0.6767578125 0.7076822916666666 0.023070312499999978 0.03486979166666657
0 0.646484375 0.7272135416666666 0.021574218750000006 0.0284427083333334
2 0.2890625 0.512046875 0.08960156250000004 0.30598958333333337
0 0.55078125 0.7493489583333334 0.023238281249999916 0.03735416666666656
2 0.44212890624999995 0.6674947916666666 0.13311328125 0.11997395833333328
2 0.47169531249999996 0.7045989583333333 0.05884765625000003 0.047854166666666725
0 0.52315234375 0.7165364583333333 0.014203125000000049 0.039437499999999896
0 0.5039296875 0.746359375 0.027351562499999992 0.025203124999999934
0 0.47396484375 0.7495104166666666 0.03001171874999997 0.04407291666666661
0 0.501015625 0.7764635416666666 0.01680468749999999 0.02424479166666676
0 0.52673828125 0.7440989583333334 0.013374999999999915 0.016677083333333325