0 0.515625 0.2875 0.04140625 0.057291666666666664
0 0.533203125 0.330890625 0.04345703125 0.05631770833333339
0 0.5810546875 0.3854166666666667 0.03942968750000002 0.05265104166666663
0 0.57373046875 0.3336614583333333 0.04016015624999998 0.052854166666666674
0 0.5146484375 0.23860937499999998 0.038820312500000044 0.05139062499999998
0 0.56103515625 0.2830416666666667 0.04202343749999997 0.054239583333333355
0 0.5419921875 0.3828125 0.0439453125 0.05509374999999998
0 0.599609375 0.2853177083333333 0.03845312500000002 0.0525729166666667
0 0.6103515625 0.33284375 0.03891015625000005 0.052369791666666644
0 0.501953125 0.20361458333333332 0.03732421875000007 0.05529687499999998
0 0.61767578125 0.3828125 0.03759765625 0.050130208333333336
0 0.55859375 0.431640625 0.043367187499999994 0.05383333333333328
0 0.64208984375 0.329265625 0.034605468750000055 0.0486666666666667
0 0.59716796875 0.4313177083333333 0.038820312500000044 0.052083333333333336
0 0.63330078125 0.28434375 0.03527734374999998 0.050697916666666655
0 0.67138671875 0.3297552083333333 0.03241015624999992 0.04435416666666671
0 0.6630859375 0.2864583333333333 0.03137109374999998 0.04337499999999998
0 0.63037109375 0.4296875 0.03527734374999998 0.04911458333333331
0 0.66064453125 0.4215520833333333 0.03308203125000002 0.0486666666666667
0 0.58642578125 0.2351875 0.040925781249999994 0.05367187499999997
0 0.63427734375 0.4781927083333333 0.034089843749999994 0.04695833333333337
0 0.6474609375 0.37890625 0.03448437500000008 0.04829687500000001
0 0.64892578125 0.24577083333333333 0.031144531250000006 0.043619791666666664
0 0.53466796875 0.18196874999999998 0.03811718749999997 0.049479166666666664
0 0.6748046875 0.375328125 0.03253125000000008 0.04496354166666663
0 0.47900390625 0.1796875 0.03738281249999993 0.05737499999999998
0 0.61962890625 0.23893229166666666 0.03582812499999992 0.045979166666666654
0 0.60107421875 0.4791666666666667 0.039796875000000044 0.049192708333333356
0 0.57177734375 0.189453125 0.03985546875000008 0.050901041666666674
0 0.66064453125 0.4661458333333333 0.03366015625000003 0.047203125000000054
0 0.47216796875 0.14201041666666667 0.034605468750000055 0.04272395833333332
0 0.60693359375 0.20052083333333334 0.03650000000000002 0.04520833333333331
0 0.5126953125 0.15144791666666665 0.036222656250000006 0.041911458333333346
0 0.40210156250000006 0.2760416666666667 0.04812499999999997 0.058145833333333355
0 0.6396484375 0.20686979166666666 0.03338671874999992 0.04020312499999997
0 0.62353515625 0.17155208333333333 0.03338671874999992 0.03806770833333335
0 0.548828125 0.22119270833333332 0.039640625000000006 0.050416666666666644
0 0.55615234375 0.1540520833333333 0.03854296875000003 0.04215625000000001
0 0.685546875 0.414390625 0.029207031249999994 0.04264583333333327
0 0.5068359375 0.12597916666666667 0.03561328125000003 0.04083333333333332
0 0.365234375 0.311359375 0.04312109375000004 0.057697916666666654
0 0.58984375 0.16113541666666667 0.03601171875000002 0.04240104166666665
0 0.60595703125 0.142984375 0.03448437500000008 0.03930729166666668
0 0.356203125 0.2565104166666667 0.04202343749999997 0.05444270833333332
0 0.39087109374999995 0.2265625 0.04577734374999998 0.05684374999999999
0 0.68505859375 0.4583333333333333 0.028550781250000056 0.04337499999999998
0 0.54052734375 0.13029166666666667 0.03601171875000002 0.045125000000000005
0 0.3825703125 0.3610052083333333 0.04849218750000004 0.061604166666666654
0 0.49389843750000006 0.10522395833333334 0.03366015625000003 0.04435416666666668
0 0.41821484375000006 0.3248697916666667 0.04968359375000002 0.06551041666666665
0 0.52734375 0.10278125 0.03430078124999998 0.03953125000000002
0 0.57421875 0.13053645833333333 0.03561328125000003 0.038942708333333326
0 0.344484375 0.22363541666666667 0.036347656249999985 0.047567708333333354
0 0.5615234375 0.103515625 0.03308203125000002 0.033322916666666674
0 0.63330078125 0.5445989583333334 0.04168749999999992 0.053749999999999964
0 0.59423828125 0.11588541666666667 0.031496093750000044 0.031229166666666655
0 0.681640625 0.4947916666666667 0.03634765625000007 0.0405885416666667
0 0.6376953125 0.58821875 0.031800781249999945 0.038942708333333326
0 0.51953125 0.6477864583333334 0.03533984374999992 0.04191145833333323
0 0.66064453125 0.535484375 0.03643750000000008 0.04939583333333335
0 0.66552734375 0.580078125 0.026414062499999957 0.03769791666666673
0 0.6044921875 0.6744791666666666 0.027742187499999994 0.033958333333333236
0 0.63818359375 0.6438802083333334 0.028929687499999978 0.04020312500000003
0 0.48462109375000006 0.634765625 0.03594921875000008 0.05025000000000001
0 0.51806640625 0.621421875 0.033265624999999945 0.036640624999999954
0 0.38208203125 0.18880208333333334 0.03823828125000004 0.04512499999999999
0 0.685546875 0.5686875 0.022078124999999994 0.0342187499999999
0 0.356203125 0.609703125 0.031675781249999965 0.04044791666666659
0 0.595703125 0.6595052083333334 0.02140625000000007 0.0433750000000001
0 0.529296875 0.7532552083333334 0.025222656250000065 0.03735416666666656
0 0.6630859375 0.605796875 0.025328125000000055 0.0342187499999999
0 0.6806640625 0.6236979166666666 0.022203125000000056 0.03159374999999993
0 0.61279296875 0.6451822916666666 0.030441406249999935 0.04014062500000008
0 0.35986328125 0.5852864583333334 0.03161718750000002 0.03324479166666663
0 0.6611328125 0.6337916666666668 0.023863281250000055 0.0338958333333333
0 0.68359375 0.597984375 0.021574218750000006 0.03369270833333336
0 0.62646484375 0.6656927083333334 0.024476562499999945 0.02982812499999999
0 0.66748046875 0.6471354166666666 0.020644531249999966 0.03092708333333339
0 0.58447265625 0.7076822916666666 0.02377343750000005 0.03236979166666672
0 0.54638671875 0.72265625 0.02475000000000005 0.030802083333333268
0 0.5693359375 0.7421875 0.024476562499999945 0.031697916666666735
0 0.64404296875 0.6907552083333334 0.02310156249999995 0.03643750000000002
0 0.63427734375 0.607421875 0.029312499999999984 0.03533854166666662
0 0.49365234375 0.71875 0.021363281250000022 0.036640624999999954
0 0.5673828125 0.71875 0.023148437500000084 0.03212499999999992
0 0.46826171875 0.73046875 0.023695312499999944 0.04488020833333337
0 0.607421875 0.7096354166666666 0.024382812500000028 0.02882812499999995
0 0.67919921875 0.519859375 0.034757812500000006 0.03908333333333337
0 0.3464375 0.6484375 0.028976562500000025 0.039000000000000055
0 0.39380078125000006 0.6012395833333334 0.035554687500000036 0.03877604166666657
0 0.51220703125 0.7161458333333334 0.022507812499999957 0.03306250000000001
0 0.3864765625 0.6305364583333334 0.03192187500000001 0.03834895833333339
0 0.521484375 0.724609375 0.026199218750000065 0.02614583333333324
0 0.54931640625 0.7486979166666666 0.023652343750000072 0.0360104166666666
0 0.62646484375 0.6959635416666666 0.022843750000000006 0.029661458333333238
0 0.6279296875 0.7317708333333334 0.021085937500000006 0.03176041666666667
0 0.609375 0.736328125 0.021941406250000028 0.038942708333333326
0 0.36328125 0.6438802083333334 0.02707031249999998 0.03481250000000007
0 0.64501953125 0.7278645833333334 0.020292968749999928 0.027588541666666563
0 0.3747578125 0.671875 0.028273437499999953 0.0360104166666666
0 0.58447265625 0.4720052083333333 0.018906250000000034 0.03769791666666673
0 0.48462109375000006 0.7513020833333334 0.019562499999999972 0.025104166666666573
0 0.59130859375 0.751953125 0.023195312500000044 0.03135416666666657
0 0.50634765625 0.7454427083333334 0.023195312500000044 0.027322916666666686
0 0.59033203125 0.7291666666666666 0.023863281250000055 0.030354166666666772
0 0.646484375 0.7083333333333334 0.021011718749999984 0.03230729166666677
0 0.49341015625000006 0.7623697916666666 0.022507812499999957 0.028604166666666705
0 0.51171875 0.763671875 0.020890625000000006 0.02290625000000001
0 0.48071484375000006 0.5677083333333334 0.022507812499999957 0.019114583333333237
2 0.31328125 0.2328125 0.322265625 0.29270833333333335 0.3375 0.365625 0.35 0.409375 0.361328125 0.41041666666666665 0.37578125 0.4041666666666667 0.378515625 0.4 0.38671875 0.40260416666666665 0.39375 0.4 0.451171875 0.3651041666666667 0.46171875 0.353125 0.458984375 0.33489583333333334 0.448828125 0.2989583333333333 0.445703125 0.2942708333333333 0.439453125 0.2708333333333333 0.436328125 0.265625 0.427734375 0.22864583333333333 0.412109375 0.18697916666666667 0.3984375 0.15989583333333332 0.39609375 0.14947916666666666 0.39296875 0.14583333333333334 0.383203125 0.13854166666666667 0.37578125 0.13802083333333334 0.3609375 0.14791666666666667 0.3265625 0.17708333333333334 0.32421875 0.18125 0.32421875 0.19270833333333334 0.32109375 0.2015625 0.313671875 0.20885416666666667 0.3125 0.21197916666666666 0.31328125 0.2328125
2 0.28202734375 0.2625416666666666 0.06378124999999998 0.0778645833333333
2 0.28116015625 0.3631041666666667 0.08752343749999998 0.08335937499999997
2 0.36796875 0.5515625 0.38359375 0.5635416666666667 0.386328125 0.5677083333333334 0.386328125 0.5744791666666667 0.383984375 0.5760416666666667 0.384375 0.5848958333333333 0.386328125 0.5838541666666667 0.38515625 0.5802083333333333 0.386328125 0.578125 0.396484375 0.5755208333333334 0.403125 0.5791666666666667 0.408203125 0.5848958333333333 0.412109375 0.5953125 0.415625 0.5973958333333333 0.420703125 0.5916666666666667 0.42734375 0.5734375 0.429296875 0.5619791666666667 0.434375 0.5520833333333334 0.435546875 0.5328125 0.44375 0.5161458333333333 0.45078125 0.4864583333333333 0.446484375 0.478125 0.435546875 0.46822916666666664 0.427734375 0.45729166666666665 0.423828125 0.4546875 0.41875 0.45625 0.41015625 0.4510416666666667 0.399609375 0.44947916666666665 0.388671875 0.46197916666666666 0.380078125 0.48333333333333334 0.3734375 0.4942708333333333 0.36796875 0.5078125 0.3671875 0.5171875 0.3625 0.5338541666666666 0.362890625 0.54375 0.36796875 0.5515625
2 0.435546875 0.6328125 0.439453125 0.6317708333333333 0.4421875 0.628125 0.451171875 0.6286458333333333 0.45546875 0.6239583333333333 0.462890625 0.6213541666666667 0.46484375 0.6213541666666667 0.468359375 0.6260416666666667 0.46640625 0.634375 0.470703125 0.6505208333333333 0.465625 0.6567708333333333 0.46640625 0.6619791666666667 0.483203125 0.6588541666666666 0.486328125 0.6609375 0.497265625 0.653125 0.503515625 0.6567708333333333 0.51171875 0.6666666666666666 0.516796875 0.6697916666666667 0.52109375 0.6692708333333334 0.53125 0.6619791666666667 0.5390625 0.6520833333333333 0.551171875 0.65 0.5546875 0.6473958333333333 0.5640625 0.6473958333333333 0.576953125 0.6421875 0.57734375 0.6348958333333333 0.57265625 0.6291666666666667 0.57265625 0.6166666666666667 0.5796875 0.6020833333333333 0.595703125 0.59375 0.603515625 0.5838541666666667 0.606640625 0.5755208333333334 0.607421875 0.5651041666666666 0.605078125 0.5484375 0.60078125 0.5333333333333333 0.59375 0.5276041666666667 0.58359375 0.5276041666666667 0.56875 0.5354166666666667 0.56328125 0.5348958333333333 0.54921875 0.5432291666666667 0.466015625 0.5776041666666667 0.460546875 0.5817708333333333 0.44296875 0.5869791666666667 0.434765625 0.6166666666666667 0.433984375 0.6229166666666667 0.435546875 0.6328125
2 0.26484375 0.5484375 0.27734375 0.5947916666666667 0.277734375 0.6036458333333333 0.288671875 0.60625 0.294140625 0.6114583333333333 0.298828125 0.6072916666666667 0.309765625 0.60625 0.318359375 0.5911458333333334 0.3046875 0.5354166666666667 0.298828125 0.5197916666666667 0.294921875 0.5166666666666667 0.28984375 0.5171875 0.266796875 0.5385416666666667 0.26484375 0.5411458333333333 0.26484375 0.5484375
2 0.254296875 0.4953125 0.2546875 0.5041666666666667 0.256640625 0.5083333333333333 0.2609375 0.5088541666666667 0.276953125 0.496875 0.280078125 0.49635416666666665 0.29140625 0.4875 0.2953125 0.4817708333333333 0.2921875 0.4661458333333333 0.286328125 0.4515625 0.287109375 0.446875 0.285546875 0.4427083333333333 0.2875 0.4390625 0.2859375 0.4348958333333333 0.281640625 0.434375 0.275390625 0.4375 0.263671875 0.4484375 0.258984375 0.4546875 0.258203125 0.4583333333333333 0.26015625 0.4822916666666667 0.254296875 0.4953125