0 0.515625 0.2877604166666667 0.040625 0.0578125
0 0.533203125 0.3294270833333333 0.04263281249999995 0.05497395833333331
0 0.56103515625 0.2827135416666666 0.04202343749999997 0.053468750000000016
0 0.51416015625 0.23763020833333334 0.04083203125000008 0.050130208333333336
0 0.57373046875 0.332359375 0.04098437500000003 0.0525729166666667
0 0.50341796875 0.20215104166666667 0.040773437500000044 0.05383333333333334
0 0.58251953125 0.3854166666666667 0.0390625 0.05188020833333328
0 0.5419921875 0.38183854166666664 0.04443359375 0.05497395833333331
0 0.5986328125 0.2856458333333334 0.039488281250000055 0.051963541666666654
0 0.60986328125 0.3318697916666667 0.038820312500000044 0.05265104166666663
0 0.56005859375 0.431640625 0.04067968749999995 0.05244791666666669
0 0.58544921875 0.23291145833333332 0.03774999999999995 0.047567708333333354
0 0.54833984375 0.22038020833333333 0.03927734375000007 0.04809375000000002
0 0.59716796875 0.431640625 0.03738281249999993 0.04996875000000003
0 0.662109375 0.287109375 0.03308203125000002 0.04443229166666664
0 0.63330078125 0.2827135416666666 0.036222656250000006 0.048093749999999984
0 0.673828125 0.37597916666666664 0.032472656250000044 0.04606250000000003
0 0.650390625 0.24560416666666668 0.03241015624999992 0.04353645833333335
0 0.60009765625 0.4781927083333333 0.03781250000000007 0.04801562500000003
0 0.62939453125 0.4293645833333333 0.03549218750000005 0.047932291666666654
0 0.63525390625 0.4781927083333333 0.0341796875 0.046510416666666644
0 0.53466796875 0.1796875 0.039124999999999945 0.04471875000000001
0 0.61767578125 0.3811875 0.036558593750000055 0.050416666666666644
0 0.638671875 0.20670833333333333 0.03253125000000008 0.03930729166666668
0 0.6689453125 0.3299166666666667 0.03137109374999998 0.045572916666666664
0 0.6845703125 0.416015625 0.031496093750000044 0.04256250000000002
0 0.5712890625 0.185546875 0.03726171874999995 0.04247916666666664
0 0.6201171875 0.23893229166666666 0.03582812499999992 0.046510416666666644
0 0.66162109375 0.4661458333333333 0.030441406249999935 0.04463541666666669
0 0.6591796875 0.4225260416666667 0.03161718750000002 0.04606250000000003
0 0.64111328125 0.3294270833333333 0.035218749999999945 0.04939583333333329
0 0.6865234375 0.4576822916666667 0.028382812499999945 0.04378124999999997
0 0.646484375 0.3785833333333333 0.03234765624999998 0.046140624999999956
0 0.4794921875 0.18213020833333332 0.03860546874999997 0.059364583333333346
0 0.51318359375 0.14835416666666665 0.03860546874999997 0.04128125
0 0.6083984375 0.20003125 0.03469921874999997 0.04075
0 0.47314453125 0.14396354166666667 0.03860546874999997 0.04451562500000002
0 0.62353515625 0.17090104166666667 0.03155468750000008 0.03533854166666668
0 0.68701171875 0.4967447916666667 0.026457031250000006 0.03930729166666668
0 0.58984375 0.16048437499999998 0.033781250000000006 0.03755729166666667
0 0.5546875 0.15226041666666665 0.036222656250000006 0.040973958333333324
0 0.60595703125 0.14103125 0.0322265625 0.03735416666666668
0 0.54052734375 0.12443229166666667 0.034425781250000044 0.03670312499999998
0 0.52685546875 0.10026041666666667 0.030378906249999994 0.03454687499999999
0 0.49267578125 0.10538541666666666 0.03384374999999995 0.042807291666666664
0 0.6396484375 0.5869166666666668 0.030335937499999945 0.039447916666666555
0 0.57421875 0.13077604166666668 0.03301953125000008 0.03692708333333335
0 0.66455078125 0.54525 0.028105468749999928 0.04215625000000003
0 0.68701171875 0.53353125 0.024093749999999935 0.03735416666666662
0 0.685546875 0.5696614583333334 0.023910156250000016 0.037416666666666744
0 0.59326171875 0.11507291666666666 0.029480468749999923 0.03110937500000001
0 0.560546875 0.10319270833333333 0.03155468750000008 0.031942708333333326
0 0.66455078125 0.5807291666666666 0.02700781249999995 0.040895833333333326
0 0.63134765625 0.543296875 0.036070312500000055 0.049598958333333346
0 0.5029296875 0.12231249999999999 0.03396484374999993 0.035484374999999985
0 0.6005859375 0.658203125 0.03396484374999993 0.04931770833333336
0 0.64013671875 0.6373697916666666 0.031675781250000055 0.04144270833333342
0 0.6640625 0.601890625 0.025621093750000056 0.03678645833333339
0 0.3681640625 0.3107083333333333 0.04525781249999996 0.056843750000000054
0 0.6611328125 0.6357447916666668 0.024992187500000006 0.03657812500000001
0 0.48510937500000006 0.63509375 0.03650000000000002 0.04919270833333324
0 0.390625 0.22672395833333334 0.04327343750000003 0.05367187499999997
0 0.6083984375 0.63509375 0.03601171875000002 0.050046875000000074
0 0.35571484375 0.258625 0.042390624999999994 0.058270833333333334
0 0.6806640625 0.6227239583333334 0.023468749999999972 0.0314114583333333
0 0.65771484375 0.5266927083333334 0.030503906250000056 0.04160416666666673
0 0.6298828125 0.5696614583333334 0.025558593749999935 0.03657812500000001
0 0.68408203125 0.59375 0.022371093749999994 0.030234375000000095
0 0.646484375 0.6598333333333334 0.026109375000000056 0.03092708333333339
0 0.62744140625 0.6666666666666666 0.025558593749999935 0.03001041666666661
0 0.64599609375 0.7005208333333334 0.026503906249999966 0.059041666666666735
0 0.38208203125 0.190265625 0.041078125000000035 0.04711979166666668
0 0.34814453125 0.22493749999999998 0.044679687500000044 0.04911458333333331
0 0.6044921875 0.69140625 0.025085937499999923 0.030234375000000095
0 0.544921875 0.7213541666666666 0.023558593749999978 0.0325104166666667
0 0.58203125 0.697265625 0.023195312500000044 0.03110937500000001
0 0.626953125 0.69921875 0.024992187500000006 0.03792187499999997
0 0.525390625 0.7239583333333334 0.02091796875000007 0.027687499999999924
0 0.52587890625 0.74609375 0.022414062500000043 0.031635416666666555
0 0.56640625 0.7174479166666666 0.023605468749999935 0.03481250000000007
0 0.63232421875 0.609375 0.028871093749999945 0.04160416666666673
0 0.513671875 0.716796875 0.024230468750000077 0.03288020833333339
0 0.587890625 0.7272135416666666 0.03185937499999998 0.07678125000000004
0 0.49341015625000006 0.720703125 0.02302734374999993 0.03997916666666678
0 0.67236328125 0.496421875 0.029082031249999928 0.03629687500000003
0 0.548828125 0.7467447916666666 0.02580078125000007 0.04020312500000003
0 0.67724609375 0.515625 0.030960937500000084 0.03263541666666671
0 0.47046093750000006 0.7337239583333334 0.03396484374999993 0.0550937500000001
0 0.356203125 0.609375 0.03125 0.03792187499999997
0 0.34716796875 0.650390625 0.02816796874999996 0.03448437500000002
0 0.36548046875 0.6451822916666666 0.032777343750000035 0.03967187500000004
0 0.60498046875 0.736328125 0.026808593750000043 0.04919270833333324
0 0.373046875 0.671875 0.027742187499999994 0.03466666666666664
0 0.57080078125 0.7467447916666666 0.026808593750000043 0.040895833333333326
0 0.3845234375 0.6315104166666666 0.030851562500000006 0.03629687500000003
0 0.47119140625 0.11083854166666667 0.017441406250000034 0.024130208333333326
0 0.5830078125 0.5592447916666666 0.04601953124999998 0.063921875
0 0.48876953125 0.689453125 0.03241015624999992 0.04378124999999997
2 0.28472265625 0.27552604166666667 0.08400781249999997 0.08946354166666666
2 0.52760546875 0.5548697916666666 0.0064882812500000496 0.01676041666666658
2 0.43671875 0.56875 0.4390625 0.5734375 0.4353515625 0.5802083333333333 0.43125 0.5807291666666666 0.43125 0.584375 0.4328125 0.58125 0.440234375 0.5875 0.438671875 0.5911458333333334 0.440234375 0.5958333333333333 0.437109375 0.6020833333333333 0.437890625 0.6072916666666667 0.435546875 0.6104166666666667 0.43125 0.6109375 0.434765625 0.6265625 0.439453125 0.63125 0.4421875 0.6276041666666666 0.447265625 0.6307291666666667 0.450390625 0.6380208333333334 0.4515625 0.6489583333333333 0.450390625 0.6505208333333333 0.45859375 0.65 0.46171875 0.6479166666666667 0.4703125 0.6546875 0.4765625 0.6526041666666667 0.484375 0.6583333333333333 0.48984375 0.6567708333333333 0.498046875 0.6505208333333333 0.501953125 0.6380208333333334 0.502734375 0.6276041666666666 0.509765625 0.6197916666666666 0.512890625 0.61875 0.521875 0.6192708333333333 0.525 0.6229166666666667 0.52890625 0.6229166666666667 0.5328125 0.6322916666666667 0.537890625 0.6338541666666667 0.540625 0.6458333333333334 0.545703125 0.6447916666666667 0.549609375 0.6463541666666667 0.56953125 0.6385416666666667 0.57265625 0.6390625 0.576953125 0.634375 0.57421875 0.6296875 0.58359375 0.6020833333333333 0.588671875 0.5973958333333333 0.598046875 0.59375 0.610546875 0.5760416666666667 0.60859375 0.5640625 0.605859375 0.5609375 0.600390625 0.53125 0.596875 0.5276041666666667 0.5890625 0.5265625 0.58046875 0.5203125 0.548828125 0.5208333333333334 0.537109375 0.525 0.533984375 0.528125 0.524609375 0.5291666666666667 0.5140625 0.5354166666666667 0.509765625 0.5322916666666667 0.505859375 0.5234375 0.496875 0.525 0.4484375 0.5447916666666667 0.4390625 0.5510416666666667 0.432421875 0.5604166666666667 0.4375 0.565625 0.43671875 0.56875
2 0.275 0.603125 0.276171875 0.6223958333333334 0.28359375 0.6385416666666667 0.296875 0.6453125 0.2984375 0.6505208333333333 0.30625 0.6541666666666667 0.3140625 0.6536458333333334 0.315234375 0.6338541666666667 0.324609375 0.6114583333333333 0.325 0.5994791666666667 0.3265625 0.5963541666666666 0.325390625 0.5848958333333333 0.3265625 0.5791666666666667 0.334375 0.5572916666666666 0.33671875 0.540625 0.33984375 0.5333333333333333 0.337109375 0.5255208333333333 0.33828125 0.5213541666666667 0.32265625 0.5020833333333333 0.310546875 0.503125 0.2890625 0.5213541666666667 0.28984375 0.5234375 0.284375 0.5421875 0.28125 0.5479166666666667 0.282421875 0.5760416666666667 0.275 0.603125
2 0.26328125 0.4578125 0.2625 0.46770833333333334 0.2671875 0.46875 0.27421875 0.4864583333333333 0.273828125 0.490625 0.25859375 0.49947916666666664 0.2578125 0.5057291666666667 0.260546875 0.50625 0.266796875 0.49895833333333334 0.276953125 0.49375 0.28359375 0.4864583333333333 0.310546875 0.46927083333333336 0.32734375 0.4276041666666667 0.328125 0.415625 0.330859375 0.4083333333333333 0.33828125 0.39739583333333334 0.3375 0.39166666666666666 0.333984375 0.38333333333333336 0.319140625 0.36614583333333334 0.3140625 0.36354166666666665 0.301171875 0.36614583333333334 0.296875 0.37135416666666665 0.287890625 0.3927083333333333 0.273828125 0.4083333333333333 0.266796875 0.4354166666666667 0.258984375 0.43802083333333336 0.255859375 0.44114583333333335 0.256640625 0.4473958333333333 0.26328125 0.4578125
2 0.211328125 0.3807291666666667 0.21328125 0.38229166666666664 0.212890625 0.39739583333333334 0.220703125 0.4041666666666667 0.22265625 0.4036458333333333 0.228515625 0.40989583333333335 0.232421875 0.40989583333333335 0.23515625 0.4125 0.251953125 0.4114583333333333 0.25703125 0.40520833333333334 0.31796875 0.36302083333333335 0.31875 0.35625 0.314453125 0.33958333333333335 0.309375 0.34322916666666664 0.30703125 0.3411458333333333 0.258984375 0.33541666666666664 0.2515625 0.3416666666666667 0.253125 0.3453125 0.248046875 0.353125 0.24169921875 0.3572916666666667 0.231640625 0.3578125 0.221484375 0.3625 0.216796875 0.3614583333333333 0.213671875 0.3651041666666667 0.214453125 0.3671875 0.211328125 0.3807291666666667
2 0.321875 0.28802083333333334 0.321484375 0.3026041666666667 0.3203125 0.30625 0.318359375 0.3067708333333333 0.317578125 0.3182291666666667 0.32109375 0.31145833333333334 0.3265625 0.31302083333333336 0.332421875 0.3375 0.334375 0.353125 0.33828125 0.36614583333333334 0.341015625 0.3848958333333333 0.34765625 0.40260416666666665 0.348046875 0.4083333333333333 0.36171875 0.409375 0.377734375 0.4046875 0.38359375 0.4005208333333333 0.38828125 0.4010416666666667 0.4359375 0.3729166666666667 0.4515625 0.35989583333333336 0.458984375 0.3567708333333333 0.4609375 0.3494791666666667 0.45859375 0.3385416666666667 0.45546875 0.33489583333333334 0.4546875 0.3255208333333333 0.446875 0.3145833333333333 0.444140625 0.2916666666666667 0.427734375 0.23177083333333334 0.423828125 0.21979166666666666 0.41875 0.21145833333333333 0.395703125 0.14583333333333334 0.381640625 0.13854166666666667 0.37265625 0.13802083333333334 0.32578125 0.17760416666666667 0.32265625 0.18333333333333332 0.32265625 0.196875 0.31328125 0.20885416666666667 0.31640625 0.2578125 0.321875 0.28802083333333334