0 0.51015625 0.3098958333333333 0.05625 0.057291666666666664
2 0.37109375 0.38645833333333335 0.1703125 0.47291666666666665
0 0.48726562500000004 0.18968749999999998 0.044242187500000085 0.047739583333333314
0 0.4751015625 0.15511458333333333 0.03698437499999994 0.04589583333333334
0 0.5083046875 0.2599270833333333 0.03875781249999992 0.04903124999999999
0 0.5336953125 0.33984375 0.04178125000000001 0.053145833333333316
0 0.5161171875 0.171875 0.03860156250000006 0.046875
0 0.49682812500000006 0.22363541666666667 0.037687500000000006 0.051677083333333346
0 0.5415078125 0.14079166666666668 0.03738281249999993 0.043208333333333335
0 0.60546875 0.150875 0.03338281250000001 0.03635416666666666
0 0.548828125 0.24771875000000002 0.04000781250000003 0.050333333333333355
0 0.5712890625 0.20670833333333333 0.03839062500000008 0.04659375000000002
0 0.5747109375 0.34310416666666665 0.04122656249999999 0.052739583333333326
0 0.534671875 0.20589583333333333 0.038820312500000044 0.046510416666666644
0 0.55225 0.16992708333333334 0.03753906249999996 0.04305208333333332
0 0.542484375 0.3942083333333333 0.043367187499999994 0.05509374999999998
0 0.560546875 0.2931354166666667 0.04208593749999991 0.05366666666666665
0 0.5288125 0.1120625 0.03469531250000006 0.04239583333333335
0 0.58203125 0.39551041666666664 0.03955468750000009 0.05224999999999997
0 0.4653359375 0.12296875 0.0341796875 0.04536458333333331
0 0.573734375 0.13956249999999998 0.03469531250000006 0.03908333333333333
0 0.5576171875 0.44206249999999997 0.04183593749999996 0.05395833333333329
0 0.560546875 0.11344791666666666 0.032468749999999956 0.036239583333333325
0 0.61084375 0.34310416666666665 0.03839062500000008 0.050614583333333366
0 0.6005859375 0.29378125 0.03918750000000006 0.04960416666666667
0 0.587890625 0.24609375 0.03774999999999995 0.045572916666666664
0 0.587890625 0.17057291666666666 0.03454687500000002 0.039385416666666666
0 0.636234375 0.21484375 0.03235156250000006 0.0401979166666667
0 0.6181640625 0.18294791666666665 0.03265624999999996 0.038270833333333344
0 0.59765625 0.4427083333333333 0.03839062500000008 0.052854166666666674
0 0.59375 0.12516666666666668 0.031492187499999956 0.033635416666666675
0 0.604984375 0.20589583333333333 0.035890625000000044 0.04463541666666669
0 0.6411171875 0.33886458333333336 0.03302343749999999 0.04634375000000001
0 0.661625 0.29573958333333333 0.0322265625 0.0449583333333333
0 0.6313515625 0.2942708333333333 0.03408593750000009 0.04626041666666663
0 0.630375 0.439125 0.03435937500000001 0.04931250000000003
0 0.616703125 0.39258333333333334 0.03628906250000004 0.04939583333333329
0 0.6220703125 0.24951041666666668 0.03482031249999995 0.04418750000000002
0 0.5766640625 0.5765 0.03506250000000009 0.041749999999999926
0 0.651859375 0.257 0.031492187499999956 0.04403125000000001
0 0.5703125 0.53678125 0.03726562500000004 0.04634375000000001
0 0.6494140625 0.38607291666666665 0.03302343749999999 0.04821874999999996
0 0.6689453125 0.34082291666666664 0.03179687500000004 0.0457395833333333
0 0.603515625 0.48893749999999997 0.03698437499999994 0.04976041666666665
0 0.63428125 0.4879583333333333 0.034242187499999945 0.04748958333333337
0 0.6762734375 0.38573958333333336 0.029921874999999966 0.0448854166666667
0 0.66015625 0.4309895833333333 0.03174218750000009 0.04719791666666661
0 0.565921875 0.49023958333333334 0.04037500000000005 0.050416666666666644
0 0.661625 0.47558333333333336 0.031140624999999922 0.04606250000000003
0 0.687015625 0.4254583333333333 0.028703125000000006 0.04329166666666673
0 0.6396484375 0.5302708333333332 0.032289062499999945 0.04427083333333327
0 0.6044921875 0.5354791666666666 0.03402343749999996 0.044270833333333336
0 0.5063515625 0.137125 0.03732031249999999 0.041906250000000006
0 0.607421875 0.5735729166666667 0.03265624999999996 0.04083333333333338
0 0.634765625 0.5686875 0.03125 0.041447916666666626
0 0.6860390625 0.4749375 0.027953124999999978 0.0418333333333333
0 0.66553125 0.5169270833333334 0.0302734375 0.04329166666666661
0 0.6069375 0.6002604166666666 0.03142968750000001 0.029666666666666685
0 0.6884765625 0.514 0.02650781250000005 0.04014583333333335
0 0.6840859375 0.5520833333333334 0.025421874999999972 0.036354166666666764
0 0.6611328125 0.5572916666666666 0.02711718750000003 0.039447916666666555
0 0.323 0.36165625 0.03482031250000004 0.05509374999999998
0 0.315671875 0.27051041666666664 0.034085937499999996 0.05013541666666666
0 0.3186015625 0.3133125 0.03515625 0.05423958333333338
0 0.3344765625 0.4114583333333333 0.037109375 0.057166666666666664
0 0.3518046875 0.28402083333333333 0.03185937499999998 0.054770833333333345
0 0.3559609375 0.33691666666666664 0.035398437499999956 0.056437499999999946
0 0.494140625 0.11246874999999999 0.031492187499999956 0.039833333333333346
0 0.3557109375 0.51790625 0.03567187499999998 0.05054166666666671
0 0.544921875 0.43815624999999997 0.020968749999999935 0.037552083333333285
0 0.5654296875 0.5657604166666667 0.022414062500000043 0.0325104166666667
0 0.3439921875 0.4651666666666667 0.037046874999999965 0.05366666666666665
0 0.348875 0.24284375 0.02859375000000002 0.04659375000000002
2 0.44163281249999997 0.6397916666666668 0.11735156250000003 0.05094791666666675
2 0.28747656250000003 0.28444791666666663 0.040460937499999974 0.09470833333333332
2 0.2810546875 0.5312604166666667 0.0544921875 0.1205416666666667