2 0.39734375 0.3302864583333333 0.12642187499999996 0.23588541666666663
2 0.29117187499999997 0.28155208333333337 0.08187109374999997 0.10178125
0 0.5431640625 0.24609375 0.043359375 0.059895833333333336
0 0.56884765625 0.3336614583333333 0.04601953124999998 0.0514739583333333
0 0.53466796875 0.19270833333333334 0.03918359374999998 0.058270833333333334
0 0.58544921875 0.23860937499999998 0.04083203125000008 0.05053645833333332
0 0.50244140625 0.21077604166666666 0.03839062500000008 0.05834895833333332
0 0.5703125 0.196125 0.03918359374999998 0.05477083333333332
0 0.607421875 0.330890625 0.038023437500000055 0.0506197916666667
0 0.48071484375000006 0.18684895833333334 0.03790234375000008 0.0607083333333333
0 0.47290234375000006 0.150390625 0.03567578124999997 0.046755208333333326
0 0.5126953125 0.1570625 0.03662109375 0.04272395833333332
0 0.6005859375 0.2833645833333333 0.03796484375000002 0.04984375000000003
0 0.61962890625 0.24381770833333333 0.03594921875000008 0.046958333333333345
0 0.64013671875 0.3336614583333333 0.03366015625000003 0.046755208333333326
0 0.578125 0.388671875 0.04577734375000002 0.051677083333333346
0 0.6171875 0.3863958333333333 0.03811718749999997 0.04911458333333331
0 0.64990234375 0.251140625 0.03192187499999992 0.04296875000000003
0 0.66845703125 0.3336614583333333 0.03155468750000008 0.04353645833333329
0 0.55517578125 0.15869270833333332 0.038175781250000006 0.041911458333333346
0 0.60693359375 0.20442708333333334 0.03561328125000003 0.04305208333333332
0 0.63330078125 0.2877604166666667 0.035218749999999945 0.047322916666666645
0 0.6748046875 0.3802083333333333 0.03125 0.045041666666666674
0 0.5400390625 0.13566145833333335 0.035402343750000044 0.04305208333333332
0 0.63037109375 0.435546875 0.035066406249999994 0.04911458333333331
0 0.58984375 0.164875 0.03482031249999995 0.04075
0 0.623046875 0.17643229166666666 0.03259375000000002 0.0392239583333333
0 0.638671875 0.21077604166666666 0.031984375000000044 0.039223958333333364
2 0.455078125 0.4993489583333333 0.10247656250000006 0.11588541666666667
0 0.66015625 0.42676041666666664 0.03234765624999998 0.048093749999999956
0 0.685546875 0.4192708333333333 0.028976562499999935 0.04264583333333339
0 0.66259765625 0.47103125 0.030335937499999945 0.04337499999999998
0 0.4931640625 0.11303645833333334 0.03301953125000008 0.048093749999999984
0 0.5966796875 0.4391302083333333 0.039949218749999994 0.050984375000000054
0 0.5732421875 0.1350104166666667 0.03430078124999998 0.03908333333333333
0 0.60546875 0.1462395833333333 0.03347656249999993 0.03820833333333334
0 0.64013671875 0.5582708333333334 0.03161718750000002 0.03967187500000004
0 0.63330078125 0.48144791666666664 0.03616406249999997 0.04740624999999999
0 0.6630859375 0.2915052083333334 0.03091406249999995 0.043296875000000054
0 0.68701171875 0.5016302083333334 0.026960937499999994 0.040281249999999956
0 0.52734375 0.10636458333333333 0.032777343749999945 0.03670312499999998
0 0.50634765625 0.13126562500000002 0.03396484374999993 0.041218750000000005
0 0.66357421875 0.5126979166666666 0.029542968750000044 0.043296874999999936
2 0.289796875 0.4020208333333333 0.09253124999999995 0.19059375000000003
0 0.685546875 0.461265625 0.026656249999999916 0.040895833333333326
2 0.54345703125 0.5826822916666666 0.14611718749999997 0.1525052083333333
0 0.63525390625 0.5240885416666666 0.032960937500000044 0.04272395833333338
0 0.62255859375 0.5153020833333334 0.027480468749999966 0.03916666666666669
0 0.56005859375 0.10791145833333333 0.032164062500000055 0.0320625
2 0.38330078125 0.2631822916666667 0.07055859375000004 0.094078125
0 0.5556640625 0.29215625 0.03549218750000005 0.046510416666666644
0 0.64599609375 0.3854166666666667 0.03253125000000008 0.04711979166666668
0 0.59375 0.119875 0.03125 0.031291666666666655
0 0.68408203125 0.6051458333333334 0.022980468749999972 0.03486979166666657
0 0.6669921875 0.5498072916666668 0.02726562500000007 0.03885937500000001
0 0.68603515625 0.5719427083333334 0.022886718750000055 0.03574479166666673
0 0.5634765625 0.716796875 0.026917968749999945 0.039390625000000054
0 0.54736328125 0.7272135416666666 0.019347656250000077 0.03428125000000008
0 0.55029296875 0.751953125 0.022203125000000056 0.03236979166666672
0 0.6240234375 0.5498072916666668 0.019835937500000077 0.035947916666666656
0 0.68798828125 0.5374375 0.023238281249999916 0.03643750000000002
2 0.4658203125 0.7395833333333334 0.07366796875000006 0.06721874999999997
0 0.53466796875 0.7545572916666666 0.015839843750000072 0.024453124999999905
0 0.53759765625 0.765625 0.017777343750000084 0.01811979166666665
0 0.62890625 0.7350260416666666 0.020523437499999984 0.027588541666666563
0 0.6435546875 0.7291666666666666 0.018433593750000022 0.026651041666666705
0 0.57080078125 0.748046875 0.021988281249999984 0.02801562499999998
0 0.59228515625 0.7552083333333334 0.021363281250000022 0.0234375
2 0.2712421875 0.2884114583333333 0.02806249999999997 0.06286458333333336
0 0.61181640625 0.75 0.017515625000000055 0.026041666666666668
0 0.57666015625 0.7669270833333334 0.019300781249999944 0.020489583333333408
0 0.5771484375 0.4371770833333333 0.015898437499999928 0.03692708333333338
0 0.60986328125 0.7356770833333334 0.020597656250000006 0.029604166666666744
2 0.45044140625000006 0.7389322916666666 0.030851562500000006 0.03643750000000002
2 0.482421875 0.5768229166666666 0.08831640625000006 0.08068750000000004