2 0.3775390625 0.39479166666666665 0.183984375 0.4822916666666667
0 0.5337890625 0.3302083333333333 0.044921875 0.057291666666666664
0 0.5732421875 0.3336588541666667 0.03912353515625 0.052652994791666664
0 0.51513671875 0.28759765625 0.040924072265625 0.057169596354166664
0 0.56103515625 0.2830403645833333 0.0413818359375 0.054768880208333336
0 0.60986328125 0.3333333333333333 0.038116455078125 0.051961263020833336
0 0.50244140625 0.20279947916666666 0.037689208984375 0.054361979166666664
0 0.580078125 0.384765625 0.04248046875 0.0533447265625
0 0.599609375 0.28564453125 0.038238525390625 0.052937825520833336
0 0.595703125 0.4313151041666667 0.041229248046875 0.053670247395833336
0 0.6416015625 0.3292643229166667 0.033843994140625 0.0478515625
0 0.5859375 0.23600260416666666 0.040313720703125 0.054158528645833336
0 0.6171875 0.3821614583333333 0.03753662109375 0.050048828125
0 0.63427734375 0.4772135416666667 0.033905029296875 0.046875
0 0.63330078125 0.2838541666666667 0.035003662109375 0.050252278645833336
0 0.66259765625 0.2862955729166667 0.0310821533203125 0.043294270833333336
0 0.62939453125 0.4296875 0.0345458984375 0.0496826171875
0 0.67041015625 0.3292643229166667 0.0311431884765625 0.044026692708333336
0 0.6015625 0.4794921875 0.039337158203125 0.048095703125
0 0.548828125 0.22379557291666666 0.039276123046875 0.055379231770833336
0 0.66015625 0.4658203125 0.03424072265625 0.047932942708333336
0 0.64697265625 0.37890625 0.03448486328125 0.047770182291666664
0 0.6748046875 0.375 0.031982421875 0.044637044270833336
0 0.36376953125 0.3522135416666667 0.037689208984375 0.0584716796875
0 0.5146484375 0.23746744791666666 0.038330078125 0.049397786458333336
0 0.53515625 0.18277994791666666 0.038604736328125 0.051472981770833336
0 0.65966796875 0.421875 0.03302001953125 0.0489501953125
0 0.57177734375 0.18880208333333334 0.039337158203125 0.0504150390625
0 0.35546875 0.2972005208333333 0.035675048828125 0.0565185546875
0 0.64892578125 0.24576822916666666 0.03167724609375 0.043701171875
0 0.33154296875 0.3753255208333333 0.03759765625 0.056966145833333336
0 0.47216796875 0.14176432291666666 0.034088134765625 0.040283203125
0 0.47802734375 0.18001302083333334 0.036224365234375 0.0560302734375
0 0.60693359375 0.20052083333333334 0.036163330078125 0.045369466145833336
0 0.6201171875 0.23942057291666666 0.035491943359375 0.045979817708333336
0 0.5126953125 0.15144856770833334 0.0360107421875 0.041219075520833336
0 0.55615234375 0.154052734375 0.03875732421875 0.042154947916666664
0 0.34375 0.4280598958333333 0.040985107421875 0.05859375
0 0.314697265625 0.28173828125 0.03460693359375 0.050537109375
0 0.32177734375 0.3258463541666667 0.0379638671875 0.055908203125
0 0.6396484375 0.20735677083333334 0.03314208984375 0.041524251302083336
0 0.68505859375 0.4140625 0.0292510986328125 0.043050130208333336
0 0.623046875 0.5198567708333334 0.03790283203125 0.0482177734375
0 0.62353515625 0.17057291666666666 0.033203125 0.0374755859375
0 0.59814453125 0.5745442708333334 0.0360107421875 0.045572916666666664
0 0.68505859375 0.4583333333333333 0.0284881591796875 0.044189453125
0 0.494140625 0.1044921875 0.033599853515625 0.042399088541666664
0 0.60546875 0.14274088541666666 0.034027099609375 0.038126627604166664
0 0.54052734375 0.13053385416666666 0.036163330078125 0.0447998046875
0 0.63916015625 0.5514322916666666 0.0309600830078125 0.044881184895833336
0 0.58984375 0.15958658854166666 0.03448486328125 0.038716634114583336
0 0.58544921875 0.5218098958333334 0.040679931640625 0.054646809895833336
0 0.63916015625 0.6432291666666666 0.0271759033203125 0.037211100260416664
0 0.50537109375 0.12687174479166666 0.034088134765625 0.039388020833333336
0 0.681640625 0.4947916666666667 0.036773681640625 0.042154947916666664
0 0.6416015625 0.5891927083333334 0.0282135009765625 0.037841796875
0 0.52734375 0.10115559895833333 0.03338623046875 0.036844889322916664
0 0.56103515625 0.103759765625 0.0333251953125 0.032877604166666664
0 0.58837890625 0.6614583333333334 0.0293731689453125 0.03533935546875
0 0.57421875 0.13077799479166666 0.03515625 0.039530436197916664
0 0.60546875 0.677734375 0.0260009765625 0.032816569010416664
0 0.587890625 0.6380208333333334 0.0289306640625 0.035603841145833336
0 0.61474609375 0.5904947916666666 0.0310211181640625 0.041280110677083336
0 0.5869140625 0.609375 0.0318603515625 0.038492838541666664
0 0.64501953125 0.693359375 0.025421142578125 0.03900146484375
0 0.6591796875 0.5348307291666666 0.034088134765625 0.0478515625
0 0.348876953125 0.2522786458333333 0.03033447265625 0.047322591145833336
0 0.61669921875 0.6246744791666666 0.02886962890625 0.034932454427083336
0 0.66552734375 0.5787760416666666 0.0271148681640625 0.037923177083333336
0 0.62841796875 0.666015625 0.0257110595703125 0.02960205078125
0 0.59423828125 0.11490885416666667 0.0309600830078125 0.029886881510416668
0 0.57958984375 0.427734375 0.0225067138671875 0.040140787760416664
0 0.615234375 0.6513671875 0.0276336669921875 0.032938639322916664
0 0.6640625 0.6064453125 0.0252685546875 0.032877604166666664
0 0.58642578125 0.4710286458333333 0.0237274169921875 0.0396728515625
0 0.609375 0.708984375 0.02337646484375 0.029093424479166668
0 0.58447265625 0.6998697916666666 0.0244293212890625 0.03460693359375
0 0.685546875 0.5670572916666666 0.0227203369140625 0.035400390625
0 0.67919921875 0.6233723958333334 0.0244293212890625 0.033894856770833336
0 0.66796875 0.6468098958333334 0.020721435546875 0.028645833333333332
0 0.6826171875 0.5989583333333334 0.022979736328125 0.036641438802083336
0 0.5869140625 0.71875 0.0244293212890625 0.025655110677083332
0 0.56494140625 0.71875 0.023284912109375 0.028218587239583332
0 0.68798828125 0.5319010416666666 0.023956298828125 0.037068684895833336
0 0.57666015625 0.5921223958333334 0.020599365234375 0.038126627604166664
0 0.6279296875 0.7096354166666666 0.0192718505859375 0.028645833333333332
0 0.65966796875 0.6350911458333334 0.02203369140625 0.031880696614583336
0 0.548828125 0.7421875 0.023468017578125 0.02569580078125
2 0.40380859375 0.7819010416666666 0.2139892578125 0.16650390625
2 0.25927734375 0.46484375 0.155029296875 0.533203125
0 0.56396484375 0.7024739583333334 0.0220794677734375 0.026753743489583332
0 0.583984375 0.5638020833333334 0.018402099609375 0.027852376302083332