0 0.502734375 0.30416666666666664 0.04296875 0.05625
0 0.53271875 0.3359375 0.04351562500000004 0.05477083333333337
0 0.560546875 0.2874375 0.04067968749999995 0.05306249999999997
0 0.5083046875 0.25390625 0.040773437500000044 0.04960416666666667
0 0.5727578125 0.3372395833333333 0.04046874999999996 0.05244791666666669
0 0.5473671875 0.23990625000000002 0.040101562499999945 0.047041666666666634
0 0.5415078125 0.38769791666666664 0.04428125000000005 0.054854166666666634
0 0.5986328125 0.2877604166666667 0.03875781249999992 0.04984375000000003
0 0.6098671875 0.33659374999999997 0.038820312500000044 0.051468749999999966
0 0.5341796875 0.20003125 0.03994531250000009 0.047114583333333356
0 0.581546875 0.38867708333333334 0.03854687499999994 0.051874999999999956
0 0.55615625 0.4361979166666667 0.042570312500000006 0.05159374999999997
0 0.5703125 0.20084375000000002 0.038023437500000055 0.0457395833333333
0 0.5864296875 0.24056249999999998 0.03747656250000002 0.045572916666666664
0 0.5961953125 0.43555208333333334 0.038023437500000055 0.050614583333333366
0 0.564453125 0.4846979166666667 0.03781250000000007 0.04939583333333329
0 0.515625 0.16602083333333334 0.03875781249999992 0.04821875000000002
0 0.6694375 0.3343125 0.030851562500000006 0.04435416666666671
0 0.48266406249999994 0.18587499999999998 0.04024999999999999 0.057697916666666654
0 0.5703125 0.5354791666666666 0.03634374999999999 0.045572916666666664
0 0.62890625 0.43359375 0.03506250000000009 0.04858333333333332
0 0.661625 0.2888958333333333 0.03283593749999998 0.043864583333333346
0 0.6489296875 0.3802083333333333 0.03448437500000008 0.04874999999999995
0 0.616703125 0.38509375 0.03622656249999991 0.050416666666666644
0 0.6020546875 0.4840520833333333 0.03689843750000001 0.05005208333333329
0 0.640625 0.33301041666666664 0.0341796875 0.04785416666666661
0 0.6040078125 0.20133333333333334 0.036070312500000055 0.045572916666666664
0 0.5751953125 0.5755208333333334 0.033265624999999945 0.04051041666666677
0 0.634765625 0.5634791666666668 0.029812500000000065 0.03885416666666662
0 0.6069375 0.5677083333333334 0.03155468750000008 0.039447916666666555
0 0.6201171875 0.24446874999999998 0.03549218750000005 0.04606250000000003
0 0.6044921875 0.5286458333333334 0.03494531250000001 0.04614583333333329
0 0.505375 0.13078125 0.035890625000000044 0.03989583333333332
0 0.6591796875 0.4261041666666667 0.03161718750000002 0.04614583333333329
0 0.630375 0.28841666666666665 0.03499999999999996 0.047322916666666645
0 0.6333046875 0.48339583333333336 0.03353906250000005 0.04719791666666673
0 0.675296875 0.38086458333333334 0.03049999999999997 0.04443749999999997
0 0.6508828125 0.24886458333333333 0.03302343749999999 0.042645833333333334
0 0.636234375 0.21029166666666665 0.030851562500000006 0.0401979166666667
0 0.57959375 0.6139375 0.03091406249999995 0.03916666666666657
0 0.6381875 0.52409375 0.03155468750000008 0.043375000000000045
0 0.55225 0.16382291666666668 0.036710937500000006 0.04313541666666669
0 0.6850625 0.42253124999999997 0.03004687500000003 0.04345833333333336
0 0.6059609375 0.14453125 0.03192187499999992 0.03820833333333334
0 0.5400390625 0.13142708333333333 0.034757812500000006 0.038572916666666665
0 0.663578125 0.51171875 0.029085937500000013 0.042072916666666654
0 0.66015625 0.5504583333333334 0.028164062499999965 0.0401458333333333
0 0.326171875 0.35384375 0.040312500000000015 0.056968749999999936
0 0.5727578125 0.13403125 0.033203125 0.03835416666666666
0 0.6821328125 0.546875 0.026257812499999922 0.040364583333333336
0 0.6201171875 0.17659375 0.0322265625 0.04066666666666669
0 0.662109375 0.47070833333333334 0.029140624999999965 0.04443749999999997
0 0.47241406250000006 0.15144791666666665 0.03677343749999995 0.04659375
0 0.52734375 0.10482291666666667 0.03174218750000009 0.03792708333333333
0 0.3186015625 0.30566666666666664 0.03482031250000004 0.05236458333333331
0 0.6865234375 0.5110729166666667 0.028703125000000006 0.041135416666666674
0 0.4931640625 0.10433333333333333 0.03289843749999992 0.03835416666666666
0 0.6850625 0.470375 0.029312499999999984 0.043208333333333356
0 0.46362500000000006 0.12247916666666667 0.03561718749999994 0.048093749999999984
0 0.5600625 0.10775 0.030851562500000006 0.0328125
0 0.5922890625 0.11735416666666666 0.02937499999999993 0.031291666666666655
0 0.3330078125 0.40690624999999997 0.03942968750000002 0.057083333333333285
0 0.4951171875 0.2211875 0.0390625 0.0551770833333333
0 0.5888671875 0.16796875 0.03259375000000002 0.0372708333333333
0 0.3486328125 0.2817395833333334 0.03499999999999996 0.056645833333333326
0 0.356203125 0.3260104166666667 0.03650000000000002 0.058354166666666644
0 0.68115625 0.6044895833333332 0.02475000000000005 0.03312499999999995
0 0.55078125 0.4781875 0.01994531249999998 0.040364583333333336
0 0.3186015625 0.26155208333333335 0.034757812500000006 0.05159375000000003
0 0.3645 0.3841145833333333 0.035890624999999954 0.056114583333333336
0 0.60546875 0.7291666666666666 0.026546875000000015 0.059250000000000115
0 0.3461953125 0.23503125 0.02838281250000003 0.04838541666666665
0 0.5869140625 0.7434895833333334 0.02302343750000002 0.04793749999999998
0 0.48217968750000006 0.7753958333333333 0.031140624999999922 0.03104166666666662
0 0.5688515625 0.7519583333333333 0.024609375 0.04845833333333331
0 0.644046875 0.7141979166666667 0.03004687500000003 0.06229166666666662
0 0.625 0.71875 0.027953124999999978 0.06103124999999991
0 0.41186718750000006 0.42578125 0.026203124999999973 0.04044791666666671
0 0.2605 0.5693333333333332 0.031984374999999954 0.048385416666666715
0 0.7255859375 0.15836458333333334 0.030109374999999973 0.046145833333333344
0 0.671875 0.5885416666666666 0.028976562499999935 0.03989583333333328
2 0.26053125 0.44026041666666665 0.07689843750000006 0.09984375000000002
2 0.272421875 0.27498958333333334 0.037945312500000036 0.09031250000000002
2 0.39296875 0.6760416666666667 0.4078125 0.6979166666666666 0.415625 0.7010416666666667 0.4234375 0.7010416666666667 0.4515625 0.6875 0.5171875 0.6864583333333333 0.51875 0.6791666666666667 0.51875 0.66875 0.50546875 0.625 0.44375 0.6385416666666667 0.4 0.6416666666666667 0.39453125 0.646875 0.3875 0.6572916666666667 0.39296875 0.6760416666666667
2 0.4234375 0.7708333333333334 0.4359375 0.7645833333333333 0.4640625 0.7729166666666667 0.46953125 0.7791666666666667 0.48515625 0.7802083333333333 0.53359375 0.771875 0.553125 0.7645833333333333 0.5484375 0.7447916666666666 0.52265625 0.7166666666666667 0.51875 0.721875 0.4640625 0.7260416666666667 0.43046875 0.7145833333333333 0.4234375 0.715625 0.41796875 0.7302083333333333 0.41640625 0.7677083333333333 0.4234375 0.7708333333333334
2 0.2890625 0.3572916666666667 0.31015625 0.475 0.3125 0.4739583333333333 0.3203125 0.5 0.321875 0.5166666666666667 0.3375 0.571875 0.3546875 0.6145833333333334 0.3484375 0.6385416666666667 0.3578125 0.6260416666666667 0.38046875 0.5770833333333333 0.390625 0.5677083333333334 0.4203125 0.5666666666666667 0.43515625 0.6072916666666667 0.44140625 0.5979166666666667 0.45625 0.54375 0.43359375 0.4583333333333333 0.43203125 0.40208333333333335 0.40390625 0.2796875 0.39921875 0.22291666666666668 0.39296875 0.20729166666666668 0.39296875 0.184375 0.378125 0.15104166666666666 0.3609375 0.14166666666666666 0.34140625 0.14270833333333333 0.29453125 0.184375 0.28984375 0.19583333333333333 0.28359375 0.25104166666666666 0.2890625 0.3572916666666667