0 0.504296875 0.309375 0.04453125 0.05625
0 0.46892187500000004 0.11686458333333333 0.045523437499999986 0.04201041666666665
0 0.538671875 0.3416666666666667 0.03359375 0.05416666666666667
2 0.27657031249999997 0.4125 0.08671875 0.12291666666666666
0 0.338671875 0.44427083333333334 0.01796875 0.021875
2 0.290625 0.27239583333333334 0.06875 0.10520833333333333
0 0.549484375 0.39483333333333337 0.06257812499999993 0.060666666666666674
0 0.5018046875 0.2330625 0.06166406250000005 0.06411458333333335
0 0.490734375 0.19648958333333333 0.06848437500000007 0.061593749999999996
0 0.4744453125 0.15835416666666668 0.047765625000000075 0.04252083333333333
0 0.528796875 0.10579166666666667 0.028289062500000028 0.04279166666666665
0 0.5576171875 0.4417291666666667 0.04248437500000009 0.05404166666666666
0 0.560546875 0.11304166666666667 0.03259375000000002 0.03534375000000001
0 0.5161171875 0.17122916666666665 0.03839062500000008 0.045447916666666664
0 0.5747109375 0.34310416666666665 0.04138281250000002 0.05265624999999995
0 0.59765625 0.44238541666666664 0.03860156250000006 0.052937500000000054
0 0.560546875 0.2932916666666667 0.04248437500000009 0.053958333333333316
0 0.61084375 0.34310416666666665 0.03845312500000002 0.05090625000000001
0 0.59375 0.12532291666666667 0.03192187499999992 0.03344791666666668
0 0.49438281249999994 0.11328125 0.03210156249999994 0.041447916666666675
0 0.5415078125 0.14079166666666668 0.03747656250000002 0.04296875
0 0.601078125 0.29362499999999997 0.03918750000000006 0.04984375000000003
0 0.57178125 0.20670833333333333 0.03839062500000008 0.047041666666666634
0 0.548828125 0.24690625000000002 0.04046874999999996 0.05041666666666667
0 0.60546875 0.1506354166666667 0.03390625000000007 0.03720833333333335
0 0.630859375 0.439125 0.03460937499999996 0.04919791666666669
0 0.6171875 0.39225 0.03616406249999997 0.04919791666666669
0 0.6694375 0.3411458333333333 0.03192187499999992 0.04695833333333337
0 0.58740625 0.17155208333333333 0.035554687499999994 0.04006249999999998
0 0.61865625 0.18229166666666666 0.03283593749999998 0.03755208333333335
0 0.55225 0.16959375000000002 0.03753906249999996 0.04247916666666664
0 0.6416015625 0.3395208333333333 0.03307812499999994 0.04732291666666662
0 0.57421875 0.14005208333333333 0.035218749999999945 0.039385416666666666
0 0.6494140625 0.38573958333333336 0.03347656249999993 0.048385416666666715
0 0.636234375 0.21533333333333332 0.03253125000000008 0.04044791666666665
0 0.60546875 0.20670833333333333 0.03689843750000001 0.045979166666666654
0 0.5703125 0.5354791666666666 0.03732031249999999 0.04606250000000003
0 0.5883828125 0.2465833333333333 0.03781250000000007 0.04581249999999999
0 0.659671875 0.4309895833333333 0.031984375000000044 0.04748958333333337
0 0.565921875 0.49023958333333334 0.03970312499999995 0.05033333333333338
0 0.661625 0.2960625 0.03235156250000006 0.04463541666666669
0 0.603515625 0.48893749999999997 0.03656249999999996 0.049687500000000044
0 0.662109375 0.4752604166666667 0.03102343750000003 0.04606250000000003
0 0.634765625 0.48763541666666665 0.03390625000000007 0.04732291666666662
0 0.6225625 0.24951041666666668 0.035554687499999994 0.04418750000000002
0 0.6762734375 0.38607291666666665 0.029539062499999956 0.0457395833333333
0 0.6313515625 0.2942708333333333 0.03430468750000006 0.04674999999999999
0 0.5756875 0.5761770833333333 0.03567187500000006 0.04190625000000002
0 0.6513671875 0.2561875 0.03161718750000002 0.042802083333333366
0 0.687015625 0.42578125 0.028703125000000006 0.04435416666666671
0 0.607421875 0.5732395833333332 0.03283593749999998 0.040895833333333326
0 0.66553125 0.5169270833333334 0.029984375000000084 0.04329166666666661
0 0.6040078125 0.5354791666666666 0.033781250000000006 0.044437500000000026
0 0.634765625 0.5690104166666666 0.031203125000000043 0.0425624999999999
0 0.6396484375 0.529625 0.03161718750000002 0.043864583333333346
0 0.6069375 0.6051458333333334 0.03204687499999999 0.038062499999999964
0 0.6860390625 0.4749375 0.026914062500000037 0.041666666666666664
0 0.634765625 0.6012395833333334 0.027374999999999972 0.03778124999999998
0 0.6884765625 0.514 0.025375000000000016 0.03961458333333336
0 0.6606484375 0.5878958333333333 0.026351562500000016 0.0362395833333333
2 0.2890625 0.5332083333333333 0.09271093749999997 0.13167708333333336
0 0.6840859375 0.5520833333333334 0.024476562499999945 0.036697916666666684
0 0.6611328125 0.5566458333333333 0.026765624999999994 0.039531250000000046
0 0.6333046875 0.6292291666666666 0.027843750000000077 0.032937499999999884
0 0.6586953125 0.6396458333333332 0.02580468749999998 0.0328125
0 0.6606484375 0.61490625 0.025421874999999972 0.03141666666666675
0 0.5068359375 0.13663541666666665 0.03747656250000002 0.04198958333333334
0 0.624515625 0.73828125 0.022296874999999973 0.03487500000000002
0 0.607421875 0.7486979166666666 0.021164062499999935 0.035010416666666565
0 0.6826171875 0.5833333333333334 0.022718749999999944 0.03338541666666662
0 0.679203125 0.6386770833333333 0.022078124999999994 0.029666666666666685
0 0.5888671875 0.7552083333333334 0.022109374999999966 0.03778124999999998
0 0.57178125 0.762375 0.021117187499999978 0.0382083333333334
0 0.681640625 0.609375 0.022109374999999966 0.030697916666666696
0 0.6411171875 0.7317708333333334 0.02182031250000005 0.03338541666666662
0 0.5439453125 0.43847916666666664 0.018906250000000034 0.038062499999999964
0 0.3791484375 0.83659375 0.02474999999999996 0.033833333333333354
0 0.34521875 0.7207083333333333 0.01847656249999998 0.021468749999999894
2 0.4809609375 0.75 0.08416406250000001 0.07637499999999993
0 0.310546875 0.7558645833333333 0.020890625000000006 0.027468749999999886
0 0.360109375 0.71940625 0.020968750000000026 0.024249999999999973
0 0.67725 0.6829479166666667 0.04037500000000005 0.07413541666666675
0 0.374515625 0.7174479166666666 0.02418750000000003 0.026250000000000048
0 0.6508828125 0.7630208333333334 0.023468749999999972 0.0381249999999999
0 0.2248515625 0.63053125 0.028164062499999965 0.04443750000000009
0 0.357421875 0.699875 0.02121093749999998 0.020250000000000056
0 0.3933125 0.7161458333333334 0.02566406250000002 0.026791666666666696
0 0.3713359375 0.6953125 0.022843750000000006 0.020802083333333363
0 0.294921875 0.10352083333333333 0.011328125 0.012166666666666675
2 0.3375 0.7322916666666667 0.3921875 0.7302083333333333 0.4125 0.7229166666666667 0.4390625 0.7333333333333333 0.46640625 0.7208333333333333 0.4703125 0.7239583333333334 0.4859375 0.6854166666666667 0.48828125 0.65625 0.484375 0.6270833333333333 0.47421875 0.6104166666666667 0.45859375 0.5895833333333333 0.43515625 0.584375 0.40546875 0.615625 0.35234375 0.6416666666666667 0.30859375 0.6770833333333334 0.30546875 0.6864583333333333 0.3375 0.7322916666666667