0 0.53359375 0.33046875 0.04453125 0.0578125
0 0.515625 0.2887395833333333 0.04147265625000003 0.05912499999999999
0 0.57373046875 0.3336614583333333 0.039488281250000055 0.05265104166666663
0 0.60986328125 0.33284375 0.03854296875000003 0.05188020833333328
0 0.56103515625 0.2833645833333333 0.041078124999999945 0.0548489583333333
0 0.57958984375 0.384765625 0.043214843750000044 0.053468750000000044
0 0.5146484375 0.23844270833333334 0.03875781249999992 0.052083333333333336
0 0.50244140625 0.2023125 0.037535156250000055 0.0551770833333333
0 0.599609375 0.2856458333333334 0.03860546874999997 0.05314062499999998
0 0.595703125 0.43196875 0.04153515624999997 0.05477083333333337
0 0.6416015625 0.3289375 0.03402734375000005 0.04858333333333332
0 0.58642578125 0.23616666666666666 0.040464843750000055 0.05603125000000002
0 0.61669921875 0.3824895833333333 0.03774999999999995 0.050416666666666644
0 0.63330078125 0.2838541666666667 0.03527734374999998 0.05053645833333332
0 0.63427734375 0.47754166666666664 0.03402734375000005 0.046875
0 0.6708984375 0.329265625 0.031144531250000006 0.04305208333333337
0 0.66259765625 0.286296875 0.030851562500000006 0.043052083333333345
0 0.6015625 0.47949479166666664 0.04000781250000003 0.048947916666666674
0 0.66015625 0.4664739583333333 0.034425781250000044 0.04821874999999996
0 0.62939453125 0.430015625 0.034757812500000006 0.05025000000000001
0 0.6748046875 0.375328125 0.032164062500000055 0.04488020833333337
0 0.64697265625 0.3785833333333333 0.03396484374999993 0.04785416666666661
0 0.54931640625 0.22411979166666668 0.039640625000000006 0.056317708333333334
0 0.53515625 0.18294270833333334 0.03860546874999997 0.05216666666666665
0 0.66015625 0.421875 0.03271484375 0.04911458333333331
0 0.6494140625 0.24577083333333333 0.03137109374999998 0.044270833333333336
0 0.6201171875 0.23893229166666666 0.03643750000000008 0.047770833333333346
0 0.57177734375 0.18880208333333334 0.03933593749999993 0.050130208333333336
0 0.5126953125 0.15380729166666668 0.03698828125000002 0.044270833333333336
0 0.60693359375 0.20003125 0.03662109375 0.044802083333333326
0 0.47241406250000006 0.14152083333333335 0.03448437500000008 0.04128125
0 0.55615234375 0.15462499999999998 0.03845312500000002 0.04288541666666668
0 0.623046875 0.51953125 0.03860546874999997 0.0486666666666667
0 0.68505859375 0.414390625 0.029250000000000043 0.04247916666666664
0 0.63916015625 0.20735937499999998 0.032777343749999945 0.04105729166666669
0 0.59765625 0.5738958333333334 0.036222656250000006 0.04581770833333323
0 0.47680859375000006 0.17757291666666666 0.03643750000000008 0.057822916666666654
0 0.63916015625 0.5514322916666666 0.031144531250000006 0.04512499999999999
0 0.59033203125 0.1599114583333333 0.03549218750000005 0.04097395833333331
0 0.6845703125 0.4586614583333333 0.02914453125000005 0.04451562500000002
0 0.623046875 0.17057291666666666 0.03353906250000005 0.03849479166666665
0 0.5068359375 0.12621875 0.035554687499999994 0.040140625
0 0.60546875 0.14273958333333334 0.03436328124999992 0.03908333333333333
0 0.64111328125 0.58984375 0.028273437500000043 0.03916666666666657
0 0.54052734375 0.13053645833333333 0.03601171875000002 0.04512499999999999
0 0.6806640625 0.49446875 0.03790234375000008 0.04353645833333329
0 0.494140625 0.10522395833333334 0.03384374999999995 0.044270833333333336
0 0.58251953125 0.5185572916666666 0.037046875000000055 0.049192708333333356
0 0.63916015625 0.642578125 0.026960937499999994 0.0360104166666666
0 0.5888671875 0.6376979166666668 0.02816796875000005 0.03513541666666668
0 0.52734375 0.10221354166666667 0.03454687500000002 0.039223958333333336
0 0.615234375 0.5904947916666666 0.030152343750000022 0.04135937499999993
0 0.5888671875 0.6614583333333334 0.028214843750000006 0.03434375000000003
0 0.58740234375 0.609703125 0.031496093750000044 0.03863541666666658
0 0.66552734375 0.5794270833333334 0.027175781250000065 0.03877604166666657
0 0.60546875 0.6770833333333334 0.026152343749999928 0.033119791666666745
0 0.6162109375 0.6246770833333334 0.028761718750000043 0.03481250000000007
0 0.5615234375 0.103515625 0.03308203125000002 0.034401041666666674
0 0.5791015625 0.4274114583333333 0.022324218750000034 0.03967187500000004
0 0.6474609375 0.6598333333333334 0.021941406250000028 0.02772916666666655
0 0.66162109375 0.5361354166666668 0.036710937500000006 0.050901041666666674
0 0.59423828125 0.11572395833333333 0.03143359374999992 0.031291666666666655
0 0.61474609375 0.6510416666666666 0.027800781250000028 0.03181770833333341
0 0.6640625 0.6070989583333334 0.025375000000000016 0.033119791666666745
0 0.64404296875 0.693359375 0.025664062499999928 0.03863541666666658
0 0.63037109375 0.666015625 0.025511718749999978 0.02982812499999999
0 0.58447265625 0.7018229166666666 0.024839843750000055 0.0372708333333333
0 0.60546875 0.6946614583333334 0.02400390624999993 0.03135416666666657
0 0.58642578125 0.4703802083333333 0.023375000000000055 0.03908333333333332
0 0.54150390625 0.6946614583333334 0.026261718750000006 0.037416666666666744
0 0.56494140625 0.7154947916666666 0.02400390624999993 0.031697916666666735
0 0.6787109375 0.623046875 0.024933593749999972 0.032572916666666646
0 0.685546875 0.5680364583333334 0.022292968750000065 0.03466666666666664
0 0.65966796875 0.6334635416666666 0.020964843750000028 0.031473958333333246
0 0.32177734375 0.34472916666666664 0.03561328125000003 0.052369791666666644
0 0.6826171875 0.5992864583333334 0.023070312499999978 0.036843749999999884
0 0.54296875 0.7233072916666666 0.02595703124999993 0.02801562499999998
0 0.35278515625 0.322265625 0.03161718750000002 0.0607083333333333
0 0.66845703125 0.6468125 0.019425781250000006 0.027322916666666686
0 0.6103515625 0.7369791666666666 0.021699218750000072 0.03481250000000007
0 0.6279296875 0.7109375 0.020292968749999928 0.02943749999999999
0 0.68798828125 0.5319010416666666 0.024093749999999935 0.03554166666666661
0 0.31689453125 0.2973645833333334 0.035218750000000035 0.05188020833333328
0 0.57763671875 0.592125 0.021773437499999916 0.03834895833333339
0 0.53076171875 0.7532552083333334 0.023195312500000044 0.03574479166666673
0 0.62841796875 0.7272135416666666 0.020597656250000006 0.025697916666666744
0 0.31372265625 0.255859375 0.035066406249999994 0.050697916666666655
0 0.640625 0.6171875 0.026199218750000065 0.03377083333333341
0 0.34765625 0.27051041666666664 0.028929687499999978 0.05306249999999997
0 0.59130859375 0.7298177083333334 0.022675781250000072 0.027588541666666563
0 0.59228515625 0.7513020833333334 0.021484375 0.027000000000000076
0 0.6259765625 0.7421875 0.017851562499999928 0.019864583333333265
0 0.33642578125 0.3961614583333333 0.054902343749999985 0.05631770833333327
0 0.55029296875 0.7493489583333334 0.022035156249999945 0.03501562500000001
0 0.5703125 0.7467447916666666 0.020691406249999923 0.03338541666666662
0 0.34692578125 0.44629166666666664 0.05242968750000001 0.06058854166666663
0 0.6435546875 0.7252604166666666 0.017304687500000072 0.02711979166666675
0 0.58447265625 0.56478125 0.019636718749999994 0.02915625000000001
0 0.34594921875 0.22867708333333334 0.02655078125000001 0.04410937499999997
2 0.43075 0.6939531250000001 0.1515625 0.06571874999999991
0 0.384765625 0.6692708333333334 0.391015625 0.6791666666666667 0.395703125 0.6817708333333333 0.4078125 0.6791666666666667 0.41484375 0.6697916666666667 0.41640625 0.6609375 0.415625 0.6546875 0.419921875 0.6359375 0.419921875 0.6270833333333333 0.4125 0.621875 0.405078125 0.6208333333333333 0.396484375 0.625 0.391015625 0.6354166666666666 0.384375 0.6541666666666667 0.38359375 0.6630208333333333 0.384765625 0.6692708333333334
2 0.390328125 0.3716927083333334 0.165234375 0.4619791666666667
2 0.353125 0.6317708333333333 0.3640625 0.6421875 0.368359375 0.6505208333333333 0.38046875 0.6541666666666667 0.387109375 0.6463541666666667 0.391015625 0.6333333333333333 0.39453125 0.6270833333333333 0.40234375 0.6213541666666667 0.412109375 0.6223958333333334 0.422265625 0.6291666666666667 0.4234375 0.6317708333333333 0.419140625 0.6411458333333333 0.41328125 0.6421875 0.41953125 0.6442708333333333 0.423046875 0.6541666666666667 0.429296875 0.65 0.429296875 0.6447916666666667 0.43203125 0.6380208333333334 0.435546875 0.634375 0.43671875 0.6255208333333333 0.44140625 0.621875 0.45 0.6244791666666667 0.451953125 0.6338541666666667 0.4515625 0.6421875 0.452734375 0.6432291666666666 0.4640625 0.6432291666666666 0.471875 0.6473958333333333 0.478515625 0.6463541666666667 0.48125 0.6421875 0.47421875 0.6369791666666667 0.469140625 0.6276041666666666 0.4625 0.5947916666666667 0.462890625 0.590625 0.459375 0.584375 0.4390625 0.5838541666666667 0.43359375 0.5916666666666667 0.428515625 0.5947916666666667 0.423828125 0.5932291666666667 0.41953125 0.5885416666666666 0.411328125 0.5864583333333333 0.3671875 0.5864583333333333 0.35390625 0.5958333333333333 0.3515625 0.6 0.34453125 0.6057291666666667 0.34921875 0.6234375 0.353125 0.6317708333333333