0 0.5481953125000001 0.39347916666666666 0.056648437499999996 0.08511458333333337
0 0.44887499999999997 0.62690625 0.05779687500000001 0.06588541666666667
0 0.533203125 0.3401666666666667 0.04202343749999997 0.05383333333333328
0 0.58203125 0.3958333333333333 0.04000781250000003 0.053145833333333316
0 0.59765625 0.44238541666666664 0.03875781249999992 0.0535520833333333
0 0.6103515625 0.34310416666666665 0.03860156250000006 0.05069791666666663
0 0.5747109375 0.34310416666666665 0.04147656249999994 0.052854166666666674
0 0.560546875 0.29362499999999997 0.04248437500000009 0.054239583333333355
0 0.5083046875 0.2604166666666667 0.03933593749999993 0.050541666666666644
0 0.630375 0.43945833333333334 0.03469531250000006 0.04960416666666667
0 0.6005859375 0.29378125 0.03896875000000009 0.04984375000000003
0 0.548828125 0.24739583333333334 0.04046874999999996 0.050614583333333366
0 0.6171875 0.39258333333333334 0.03622656249999991 0.04931250000000003
0 0.6489296875 0.38607291666666665 0.033265624999999945 0.04793749999999998
0 0.634765625 0.4879583333333333 0.034242187499999945 0.047770833333333346
0 0.6694375 0.34082291666666664 0.0322265625 0.04659375000000002
0 0.534671875 0.20605208333333333 0.03942968750000002 0.04674999999999999
0 0.603515625 0.48893749999999997 0.03726562500000004 0.05025000000000001
0 0.659671875 0.4313125 0.031984375000000044 0.047562499999999966
0 0.5712890625 0.20670833333333333 0.038328124999999956 0.046875
0 0.5703125 0.5361354166666668 0.03732031249999999 0.04606250000000003
0 0.662109375 0.2960625 0.03271875000000009 0.04463541666666669
0 0.6411171875 0.33919791666666665 0.03338281250000001 0.04695833333333337
0 0.5166015625 0.17204166666666668 0.038820312500000044 0.04732291666666667
0 0.661625 0.4752604166666667 0.031085937499999973 0.04626041666666663
0 0.587890625 0.2465833333333333 0.03796093749999994 0.04581249999999999
0 0.5766640625 0.5765 0.034242187499999945 0.04152083333333323
0 0.6762734375 0.38607291666666665 0.02971093749999998 0.045572916666666664
0 0.5654296875 0.4908854166666667 0.04046874999999996 0.05159374999999997
0 0.623046875 0.24951041666666668 0.03533593750000001 0.04394791666666666
0 0.66553125 0.5169270833333334 0.030382812500000078 0.04362500000000005
0 0.634765625 0.5683645833333333 0.03161718750000002 0.04232291666666678
0 0.687015625 0.4261041666666667 0.028976562499999935 0.0441041666666667
0 0.48413281250000006 0.18636458333333333 0.03811718749999997 0.048302083333333336
0 0.607421875 0.5729166666666666 0.03271875000000009 0.040749999999999884
0 0.6318359375 0.2944375 0.03448437500000008 0.047114583333333356
0 0.4965859375 0.22461458333333334 0.038023437500000055 0.052854166666666674
0 0.651859375 0.257 0.03185937499999998 0.04337500000000002
0 0.6040078125 0.5354791666666666 0.03396875000000001 0.04463541666666663
0 0.6396484375 0.5299479166666666 0.03192187499999992 0.044510416666666684
0 0.5024453125 0.30696875 0.04024999999999999 0.05404166666666666
0 0.604984375 0.20589583333333333 0.035734375000000006 0.04488541666666664
0 0.607421875 0.606125 0.03142968750000001 0.03692708333333338
0 0.636234375 0.21565625 0.03235156250000006 0.040364583333333336
0 0.6860390625 0.47461458333333334 0.027328125000000016 0.04136458333333337
0 0.5415078125 0.14079166666666668 0.037109375 0.042802083333333324
0 0.4751015625 0.15625 0.03726562500000004 0.04732291666666667
0 0.60546875 0.150875 0.033203125 0.03669791666666667
0 0.6318359375 0.6285833333333334 0.029250000000000043 0.0362395833333333
0 0.634765625 0.6015625 0.027632812499999916 0.0372708333333333
0 0.560546875 0.11385416666666666 0.03253125000000008 0.03629166666666667
0 0.6181640625 0.18278125 0.033140625000000055 0.03871875000000002
0 0.587890625 0.17089583333333333 0.03499999999999996 0.04006249999999998
0 0.5288125 0.1120625 0.03435937500000001 0.04207291666666668
0 0.6884765625 0.5149791666666667 0.025867187499999923 0.03967708333333331
0 0.573734375 0.14005208333333333 0.03460937499999996 0.03953124999999999
0 0.4653359375 0.12402083333333333 0.034242187499999945 0.04642708333333333
0 0.66015625 0.5891979166666667 0.026546875000000015 0.035604166666666735
0 0.59375 0.12532291666666667 0.03155468750000008 0.03338541666666668
0 0.68359375 0.5527395833333333 0.025867187499999923 0.03707291666666658
0 0.323 0.36230208333333336 0.03515625 0.055906249999999956
0 0.6606484375 0.5563125 0.026351562500000016 0.0381249999999999
0 0.3342265625 0.4114583333333333 0.036625 0.056645833333333326
0 0.3186015625 0.3133125 0.035398437500000046 0.05404166666666666
0 0.315671875 0.271 0.0341796875 0.05013541666666666
0 0.6591796875 0.6396458333333332 0.026765624999999994 0.033958333333333236
0 0.343265625 0.4635416666666667 0.03726562500000004 0.05603124999999996
0 0.5068359375 0.13810416666666667 0.03753906249999996 0.04288541666666668
0 0.351078125 0.28515625 0.03204687499999999 0.05496874999999998
0 0.6611328125 0.6152395833333333 0.024796875000000006 0.03200000000000003
0 0.3559609375 0.3372395833333333 0.035062499999999996 0.056760416666666674
0 0.3559609375 0.5182291666666666 0.03460937499999996 0.0504166666666667
0 0.6826171875 0.5833333333333334 0.02232031249999995 0.0321875000000001
0 0.4951171875 0.11148958333333334 0.03265624999999996 0.04058333333333334
0 0.681640625 0.6096979166666666 0.022203125000000056 0.030802083333333268
0 0.679203125 0.639 0.02162500000000005 0.0303958333333334
0 0.5654296875 0.5670625 0.02253906249999993 0.03440624999999997
0 0.349125 0.24251041666666667 0.028976562500000025 0.047562499999999966
2 0.30078125 0.434375 0.32109375 0.5135416666666667 0.35390625 0.6052083333333333 0.36484375 0.6104166666666667 0.37265625 0.596875 0.3890625 0.5885416666666666 0.40078125 0.571875 0.4203125 0.5697916666666667 0.43125 0.6052083333333333 0.4359375 0.6072916666666667 0.446875 0.5875 0.4484375 0.5697916666666667 0.45546875 0.55625 0.45625 0.546875 0.44921875 0.5270833333333333 0.43359375 0.446875 0.43515625 0.4083333333333333 0.41953125 0.3572916666666667 0.40546875 0.26979166666666665 0.40234375 0.225 0.38671875 0.17083333333333334 0.3765625 0.15520833333333334 0.34921875 0.14895833333333333 0.31875 0.16979166666666667 0.29453125 0.19375 0.28515625 0.259375 0.28984375 0.3572916666666667 0.30078125 0.434375
2 0.38046875 0.6770833333333334 0.4 0.7 0.4421875 0.728125 0.49609375 0.7260416666666667 0.521875 0.7197916666666667 0.52890625 0.7135416666666666 0.5171875 0.6947916666666667 0.4984375 0.6927083333333334 0.49140625 0.6767364583333334 0.49140625 0.6635416666666667 0.48671875 0.65625 0.4859375 0.6458333333333334 0.478125 0.6375 0.46953125 0.6458333333333334 0.4640625 0.6583333333333333 0.44765625 0.665625 0.4296875 0.6520833333333333 0.41953125 0.6322916666666667 0.39921875 0.63125 0.36875 0.6416666666666667 0.3703125 0.6614583333333334 0.38046875 0.6770833333333334
2 0.4843046875 0.7501979166666667 0.10232812500000002 0.07556249999999996
2 0.2610390625 0.2933645833333333 0.03860156249999998 0.1106041666666667
2 0.2758515625 0.5347708333333333 0.09921093750000001 0.13709374999999996