0 0.3981015625 0.5776145833333334 0.047171874999999995 0.05120833333333342
0 0.43481249999999994 0.58203125 0.04208593749999991 0.054239583333333265
0 0.45483593750000006 0.70378125 0.03259375000000002 0.03878125000000002
0 0.49340624999999994 0.23535416666666667 0.03167968749999996 0.04152083333333335
0 0.6069375 0.5722708333333333 0.034242187499999945 0.04183333333333342
0 0.6025390625 0.5348333333333334 0.03634374999999999 0.04520833333333337
0 0.38428125 0.6025416666666668 0.03955468750000004 0.04830208333333322
0 0.4438515625 0.7246145833333333 0.029875000000000006 0.028385416666666666
0 0.634765625 0.6012395833333334 0.027179687499999973 0.03649999999999996
0 0.5419921875 0.2622083333333333 0.029085937500000013 0.04105208333333336
0 0.634765625 0.5686875 0.03204687499999999 0.0425624999999999
0 0.6079140625 0.6067708333333334 0.031203125000000043 0.03761458333333323
0 0.6015625 0.49023958333333334 0.038328124999999956 0.049687500000000044
0 0.6396484375 0.5293020833333333 0.032960937500000044 0.04471875000000001
0 0.5083046875 0.26025000000000004 0.03896875000000009 0.05041666666666667
0 0.6865234375 0.4752604166666667 0.027695312500000034 0.04329166666666661
0 0.558109375 0.44336458333333334 0.04232812500000005 0.053468750000000044
0 0.534671875 0.20426041666666667 0.03896875000000009 0.04606249999999997
0 0.6840859375 0.55240625 0.024929687500000065 0.0360937500000001
0 0.683109375 0.58365625 0.022109374999999966 0.03188541666666656
0 0.6611328125 0.5566458333333333 0.027218749999999937 0.039750000000000084
0 0.6611328125 0.61490625 0.025421874999999972 0.03104166666666662
0 0.661625 0.47558333333333336 0.03192187499999992 0.046510416666666644
0 0.5024453125 0.30794791666666665 0.04046874999999996 0.05496874999999998
0 0.6606484375 0.5891979166666667 0.026765624999999994 0.03528124999999989
0 0.63428125 0.48763541666666665 0.03506250000000009 0.048093749999999956
0 0.58203125 0.39518749999999997 0.03994531250000009 0.052739583333333326
0 0.59765625 0.44206249999999997 0.038820312500000044 0.052083333333333336
0 0.6762734375 0.38573958333333336 0.0302734375 0.045572916666666664
0 0.66553125 0.5166041666666666 0.031085937499999973 0.04329166666666673
0 0.616703125 0.39160416666666664 0.03650000000000002 0.048947916666666674
0 0.630375 0.43945833333333334 0.03460937499999996 0.048947916666666674
0 0.6489296875 0.38607291666666665 0.033601562499999994 0.048302083333333336
0 0.659671875 0.43034374999999997 0.03204687499999999 0.047114583333333356
0 0.5747109375 0.34310416666666665 0.04122656249999999 0.052937500000000054
0 0.5336953125 0.3401666666666667 0.04208593749999991 0.05436458333333327
0 0.6333046875 0.6295625 0.029312499999999984 0.0360104166666666
0 0.6826171875 0.6096979166666666 0.021007812500000077 0.029666666666666685
0 0.6884765625 0.5146458333333334 0.026460937499999913 0.03893749999999999
0 0.6411171875 0.33919791666666665 0.03307812499999994 0.04695833333333337
0 0.687015625 0.42578125 0.029648437500000034 0.04435416666666671
0 0.6611328125 0.29622916666666665 0.03265624999999996 0.045041666666666674
0 0.587890625 0.24690624999999997 0.03781250000000007 0.04634374999999998
0 0.593265625 0.5885416666666666 0.01400781250000005 0.027156249999999934
0 0.6254921875 0.17904166666666665 0.026609374999999956 0.039229166666666634
0 0.542484375 0.3942083333333333 0.04376562499999999 0.055374999999999966
0 0.6694375 0.34082291666666664 0.03259375000000002 0.04674999999999999
0 0.5844765625 0.4781875 0.018765624999999987 0.036989583333333326
0 0.6513671875 0.2566770833333333 0.03155468750000008 0.04320833333333332
0 0.6220703125 0.25016666666666665 0.035734375000000006 0.04581249999999999
0 0.5908203125 0.5611979166666666 0.017851562499999928 0.03159374999999993
0 0.63671875 0.21582291666666667 0.03332812500000006 0.040895833333333326
0 0.62646875 0.7317708333333334 0.02670312500000005 0.04597916666666677
0 0.4751015625 0.1540520833333333 0.03683593750000007 0.045572916666666664
0 0.6005859375 0.29394791666666664 0.03942968750000002 0.05033333333333338
0 0.6313515625 0.2944375 0.03454687500000002 0.04666666666666662
0 0.607421875 0.75 0.021164062499999935 0.036354166666666764
0 0.6103515625 0.34310416666666665 0.03875781249999992 0.05082291666666663
0 0.560546875 0.29394791666666664 0.04202343749999997 0.054645833333333345
0 0.5888671875 0.7558645833333333 0.022203125000000056 0.03893750000000011
0 0.55225 0.16976041666666666 0.037687500000000006 0.04305208333333332
0 0.6450234375 0.7246145833333333 0.022765625000000077 0.0401458333333333
0 0.5712890625 0.20654166666666668 0.03845312500000002 0.047197916666666666
0 0.494140625 0.11304166666666668 0.031984375000000044 0.04160416666666668
0 0.60546875 0.20686458333333332 0.03677343749999995 0.046145833333333344
2 0.41020312499999995 0.5718125000000001 0.17964843750000004 0.10680208333333331
2 0.4381640625 0.6847916666666667 0.13149218749999997 0.08214583333333322
2 0.51396875 0.7180312499999999 0.11067968750000005 0.11756249999999989
2 0.2824765625 0.27852083333333333 0.07891406249999999 0.14984375000000003