2 0.396484375 0.32864583333333336 0.1015625 0.225
2 0.4728515625 0.5065104166666666 0.106640625 0.1234375
0 0.5685546875 0.33489583333333334 0.047265625 0.05416666666666667
0 0.56353125 0.2906875 0.05753515624999998 0.052083333333333336
0 0.54621484375 0.2447447916666667 0.039054687500000004 0.05977604166666669
0 0.5049140624999999 0.2172447916666667 0.027011718750000035 0.06464583333333333
0 0.48075390625000003 0.18958333333333333 0.05993750000000002 0.040682291666666676
2 0.27954296875 0.5751979166666668 0.05224609375 0.09423958333333336
2 0.28784375 0.4036458333333333 0.08990625000000003 0.1971041666666667
2 0.291015625 0.2690416666666666 0.072265625 0.11694270833333333
2 0.38330078125 0.2613958333333333 0.07196093749999996 0.09423958333333336
0 0.6016210937500001 0.4634427083333333 0.05869531250000008 0.09106770833333329
0 0.5794648437500001 0.4013958333333333 0.05253125000000001 0.04915104166666673
0 0.49186328125 0.09677604166666667 0.05047656249999992 0.052296874999999986