0 0.42890625 0.28932291666666665 0.05078125 0.0609375
0 0.515625 0.2877604166666667 0.0421875 0.0578125
0 0.5615234375 0.2833645833333333 0.04217578124999992 0.054036458333333336
0 0.41015625 0.24690624999999997 0.04769921875000001 0.0579427083333333
0 0.38989453125 0.3243802083333333 0.045960937500000035 0.06115625000000004
0 0.375734375 0.2825520833333333 0.046476562500000006 0.059812499999999984
0 0.5146484375 0.23828125 0.040617187500000006 0.0506197916666667
0 0.50341796875 0.203125 0.0390625 0.05578645833333334
0 0.60986328125 0.3318697916666667 0.03918359374999998 0.05216666666666671
0 0.5830078125 0.387046875 0.03918359374999998 0.05159374999999997
0 0.39453125 0.21240104166666668 0.04345703125 0.05098437499999999
0 0.59912109375 0.2853177083333333 0.038972656249999994 0.051473958333333326
0 0.54833984375 0.22168229166666667 0.04031249999999993 0.05069791666666668
0 0.5966796875 0.4322916666666667 0.038175781250000006 0.049192708333333356
0 0.53515625 0.18115104166666668 0.039124999999999945 0.04626562500000002
0 0.62939453125 0.4303385416666667 0.036070312500000055 0.04838020833333338
0 0.3623046875 0.24544270833333334 0.040253906249999985 0.050697916666666655
0 0.6748046875 0.376953125 0.03283593749999998 0.04695833333333337
0 0.6181640625 0.3824895833333333 0.037687500000000006 0.05082291666666663
0 0.66259765625 0.2875989583333334 0.03289843749999992 0.044880208333333345
0 0.65087890625 0.24593229166666664 0.03271484375 0.043213541666666654
0 0.64208984375 0.3299166666666667 0.03634765625000007 0.049598958333333346
0 0.6328125 0.283203125 0.036070312500000055 0.048744791666666655
0 0.62109375 0.23860937499999998 0.035734375000000006 0.04520833333333331
0 0.66015625 0.4225260416666667 0.03185937499999998 0.04520833333333331
0 0.5869140625 0.23388541666666668 0.038332031250000044 0.049479166666666664
0 0.63525390625 0.47884375 0.03396484374999993 0.04590104166666661
0 0.513671875 0.14990104166666668 0.03774999999999995 0.041135416666666674
0 0.47290234375000006 0.14502083333333332 0.03650000000000002 0.04463541666666668
0 0.4794921875 0.1805 0.036710937500000006 0.059364583333333346
0 0.57177734375 0.1866875 0.03781250000000007 0.044026041666666654
0 0.63916015625 0.20719270833333334 0.031800781249999945 0.04028125000000002
0 0.66259765625 0.467125 0.030503906250000056 0.045572916666666664
0 0.55517578125 0.15438020833333335 0.03759765625 0.03930729166666668
0 0.66943359375 0.3297552083333333 0.03125 0.04463541666666669
0 0.60205078125 0.4811197916666667 0.036558593750000055 0.04658854166666669
0 0.685546875 0.416015625 0.030851562500000006 0.041218750000000054
0 0.6474609375 0.379234375 0.03210546875000002 0.046755208333333326
0 0.60888671875 0.20101041666666666 0.03500390625000005 0.040895833333333326
0 0.50390625 0.12491666666666665 0.03402734375000005 0.03761979166666666
0 0.60595703125 0.14054166666666665 0.03289843749999992 0.03741666666666668
0 0.6240234375 0.17155208333333333 0.03143359374999992 0.03601041666666666
0 0.5908203125 0.15999479166666666 0.035066406249999994 0.0385729166666667
0 0.6865234375 0.4583333333333333 0.027113281249999944 0.04215625000000003
0 0.68701171875 0.4967447916666667 0.027374999999999972 0.03997916666666666
0 0.54150390625 0.12556770833333333 0.03494140624999993 0.03670312499999998
0 0.5263671875 0.10026041666666667 0.02970703125000007 0.03448437499999999
0 0.56103515625 0.10278125 0.03143359374999992 0.03224479166666668
0 0.57568359375 0.12915104166666666 0.03210546875000002 0.03609375000000001
0 0.59375 0.1136875 0.029921874999999966 0.030052083333333326
0 0.4921875 0.10677083333333333 0.031800781249999945 0.04528645833333333
0 0.64013671875 0.5891927083333334 0.03143359374999992 0.03908333333333332
0 0.68701171875 0.5703125 0.024046874999999978 0.039531250000000046
0 0.66552734375 0.582359375 0.027374999999999972 0.04345833333333336
0 0.666015625 0.544921875 0.028214843750000006 0.04105729166666663
0 0.6318359375 0.543296875 0.03823828124999995 0.05159374999999997
0 0.63916015625 0.625 0.031082031250000065 0.04402604166666677
0 0.68798828125 0.5322291666666666 0.02400390624999993 0.03554166666666667
0 0.66015625 0.63671875 0.024933593749999972 0.03778124999999998
0 0.6806640625 0.619140625 0.024992187500000006 0.03735416666666656
0 0.65625 0.52571875 0.027589843750000044 0.032447916666666646
0 0.60986328125 0.62728125 0.03125 0.03798437499999992
0 0.5966796875 0.6578802083333334 0.025511718749999978 0.04050520833333333
0 0.626953125 0.6985677083333334 0.025085937499999923 0.03692708333333338
0 0.54541015625 0.7200520833333334 0.022886718750000055 0.029093750000000067
0 0.6455078125 0.6953125 0.025085937499999923 0.04520833333333343
0 0.60498046875 0.6953125 0.024429687499999984 0.031046875000000067
0 0.548828125 0.7428385416666666 0.022886718750000055 0.03236979166666672
0 0.56787109375 0.7161458333333334 0.024230468750000077 0.03269270833333333
0 0.5849609375 0.6940104166666666 0.02400390624999993 0.02492187499999995
0 0.4931640625 0.7220052083333334 0.020796874999999916 0.045124999999999936
0 0.47566406250000004 0.395640625 0.05098828125000008 0.06844270833333338
0 0.4336953125 0.4265416666666667 0.05924609375000003 0.05969270833333328
0 0.49995703125 0.33623437500000003 0.15248828124999997 0.029807291666666676
2 0.309941796875 0.6028442708333334 0.313848046875 0.6049276041666667 0.321660546875 0.6377401041666667 0.330254296875 0.6398234375 0.343144921875 0.6502401041666667 0.347051171875 0.6590942708333334 0.34666054687500003 0.6653442708333334 0.349394921875 0.6658651041666667 0.36814492187500003 0.6132609375 0.374394921875 0.5799276041666667 0.380254296875 0.5606567708333333 0.394316796875 0.5231567708333333 0.395879296875 0.5049276041666667 0.388066796875 0.48565677083333336 0.368535546875 0.47159427083333333 0.35837929687500003 0.4710734375 0.353301171875 0.47367760416666665 0.345098046875 0.48565677083333336 0.341973046875 0.49399010416666667 0.338066796875 0.5143026041666666 0.333379296875 0.5247192708333334 0.331426171875 0.5419067708333334 0.325957421875 0.5648234375 0.321660546875 0.5710734375000001 0.313848046875 0.5752401041666667 0.313066796875 0.5778442708333333 0.312285546875 0.5955526041666667 0.309941796875 0.6028442708333334
2 0.24765625 0.421875 0.24921875 0.4348958333333333 0.2546875 0.4557291666666667 0.254296875 0.459375 0.25078125 0.4640625 0.25078125 0.46822916666666664 0.252734375 0.47291666666666665 0.2609375 0.475 0.2671875 0.48385416666666664 0.279296875 0.4859375 0.280078125 0.4901041666666667 0.28359375 0.490625 0.291796875 0.48385416666666664 0.297265625 0.4822916666666667 0.303515625 0.46979166666666666 0.310546875 0.4661458333333333 0.366796875 0.3765625 0.367578125 0.3671875 0.370703125 0.3572916666666667 0.3703125 0.3494791666666667 0.362890625 0.3380208333333333 0.36015625 0.32708333333333334 0.352734375 0.32083333333333336 0.3515625 0.3177083333333333 0.346484375 0.315625 0.337890625 0.31666666666666665 0.319921875 0.33958333333333335 0.313671875 0.3416666666666667 0.31015625 0.33697916666666666 0.305859375 0.33958333333333335 0.2984375 0.33229166666666665 0.298828125 0.34010416666666665 0.2767578125 0.37265625 0.26953125 0.3765625 0.272265625 0.37864583333333335 0.272265625 0.38177083333333334 0.26484375 0.3890625 0.25859375 0.39114583333333336 0.2453125 0.4197916666666667 0.24765625 0.421875
2 0.2203125 0.3807291666666667 0.22578125 0.38177083333333334 0.229296875 0.3880208333333333 0.240625 0.3875 0.251953125 0.3828125 0.2546875 0.3885416666666667 0.263671875 0.38958333333333334 0.269921875 0.3854166666666667 0.284765625 0.3807291666666667 0.28984375 0.3729166666666667 0.28984375 0.36822916666666666 0.305078125 0.35208333333333336 0.3109375 0.3484375 0.315625 0.3411458333333333 0.31015625 0.321875 0.303125 0.31614583333333335 0.294921875 0.315625 0.279296875 0.3229166666666667 0.26875 0.334375 0.25859375 0.33697916666666666 0.246875 0.3536458333333333 0.239453125 0.36822916666666666 0.234765625 0.36822916666666666 0.23203125 0.36302083333333335 0.232421875 0.35989583333333336 0.2265625 0.3609375 0.225390625 0.37395833333333334 0.2203125 0.3807291666666667
2 0.258203125 0.31197916666666664 0.266796875 0.31875 0.271875 0.3182291666666667 0.278515625 0.3140625 0.280859375 0.309375 0.29453125 0.2994791666666667 0.3234375 0.26458333333333334 0.325 0.2598958333333333 0.32421875 0.24375 0.318359375 0.2203125 0.304296875 0.21041666666666667 0.2953125 0.20885416666666667 0.278125 0.2296875 0.266796875 0.2515625 0.259765625 0.25729166666666664 0.25546875 0.275 0.255078125 0.29635416666666664 0.258203125 0.31197916666666664
2 0.44296875 0.6447916666666667 0.441015625 0.6583333333333333 0.445703125 0.6713541666666667 0.45 0.6760416666666667 0.4515625 0.6807291666666667 0.4625 0.6911458333333333 0.478515625 0.6927083333333334 0.484765625 0.7010416666666667 0.48828125 0.7026041666666667 0.544140625 0.7026041666666667 0.557421875 0.7010416666666667 0.56796875 0.6973958333333333 0.5765625 0.6895833333333333 0.578515625 0.6854166666666667 0.5875 0.6802083333333333 0.592578125 0.68125 0.59765625 0.6614583333333334 0.600390625 0.6583333333333333 0.596875 0.6536458333333334 0.600390625 0.65 0.599609375 0.6447916666666667 0.596875 0.6421875 0.596875 0.6380208333333334 0.595703125 0.6369791666666667 0.5890625 0.6416666666666667 0.584765625 0.6401041666666667 0.58125 0.6322916666666667 0.5796875 0.6229166666666667 0.576171875 0.6171875 0.559765625 0.61875 0.559765625 0.6203125 0.5484375 0.6229166666666667 0.5453125 0.6276041666666666 0.53515625 0.63125 0.524609375 0.6322916666666667 0.51796875 0.6369791666666667 0.513671875 0.6322916666666667 0.509375 0.6317708333333333 0.45078125 0.634375 0.44375 0.6385416666666667 0.441015625 0.6421875 0.44296875 0.6447916666666667
2 0.33203125 0.22135416666666666 0.33515625 0.23229166666666667 0.330859375 0.24010416666666667 0.330859375 0.24375 0.34453125 0.2947916666666667 0.3625 0.3411458333333333 0.366015625 0.34270833333333334 0.369140625 0.353125 0.368359375 0.3572916666666667 0.37578125 0.375 0.377734375 0.3880208333333333 0.39140625 0.42135416666666664 0.39609375 0.4317708333333333 0.40625 0.44635416666666666 0.408203125 0.45625 0.41171875 0.4635416666666667 0.4203125 0.4744791666666667 0.42109375 0.478125 0.423828125 0.4786458333333333 0.434765625 0.465625 0.439453125 0.46458333333333335 0.471875 0.440625 0.481640625 0.4354166666666667 0.4953125 0.4234375 0.496875 0.41770833333333335 0.511328125 0.4109375 0.5125 0.4078125 0.509375 0.3963541666666667 0.492578125 0.3614583333333333 0.49375 0.3572916666666667 0.490625 0.3453125 0.484765625 0.3375 0.484765625 0.3338541666666667 0.476171875 0.315625 0.47421875 0.3067708333333333 0.469921875 0.3 0.467578125 0.290625 0.456640625 0.2713541666666667 0.455078125 0.265625 0.455859375 0.2635416666666667 0.451171875 0.25729166666666664 0.44921875 0.24791666666666667 0.44609375 0.246875 0.4328125 0.2203125 0.433984375 0.21666666666666667 0.437890625 0.2140625 0.438671875 0.20520833333333333 0.434765625 0.203125 0.42890625 0.20885416666666667 0.42265625 0.20572916666666666 0.4203125 0.19635416666666666 0.412890625 0.18958333333333333 0.40546875 0.17395833333333333 0.403515625 0.16197916666666667 0.400390625 0.15572916666666667 0.38671875 0.15260416666666668 0.376953125 0.15625 0.3453125 0.18489583333333334 0.33203125 0.20104166666666667 0.328515625 0.21666666666666667 0.33203125 0.22135416666666666