2 0.36912109375 0.37737499999999996 0.20313671875000003 0.5374114583333333
0 0.51398828125 0.29351041666666666 0.04083203125000008 0.05859375
0 0.53271484375 0.3299166666666667 0.042726562500000044 0.05444270833333332
0 0.5615234375 0.2836927083333334 0.04123046875000007 0.05529687500000001
0 0.57373046875 0.3336614583333333 0.039488281250000055 0.05244791666666669
0 0.60986328125 0.33301041666666664 0.03839062500000008 0.05216666666666671
0 0.57958984375 0.3854166666666667 0.04327343750000008 0.05415625000000001
0 0.50244140625 0.20166145833333332 0.03698828125000002 0.052854166666666674
0 0.599609375 0.2856458333333334 0.03860546874999997 0.05293750000000002
0 0.51513671875 0.23844270833333334 0.038820312500000044 0.051963541666666654
0 0.6171875 0.3824895833333333 0.03790234375000008 0.0506197916666667
0 0.64208984375 0.3294270833333333 0.0341796875 0.0486666666666667
0 0.595703125 0.431640625 0.04123046875000007 0.054567708333333326
0 0.63330078125 0.2838541666666667 0.03527734374999998 0.05098437500000002
0 0.5859375 0.23616666666666666 0.041078124999999945 0.05550000000000003
0 0.66259765625 0.2864583333333333 0.030730468750000028 0.04353645833333332
0 0.6708984375 0.3294270833333333 0.031203125000000043 0.044187499999999956
0 0.63427734375 0.4772135416666667 0.034089843749999994 0.047203125000000054
0 0.64697265625 0.37890625 0.03390625000000007 0.048093749999999956
0 0.6201171875 0.23844270833333334 0.03567578124999997 0.048947916666666674
0 0.53466796875 0.18294270833333334 0.03823828124999995 0.05139062499999998
0 0.6748046875 0.3756510416666667 0.0322265625 0.045572916666666664
0 0.65966796875 0.4215520833333333 0.03301953125000008 0.049479166666666664
0 0.54931640625 0.22346875 0.03970312499999995 0.055380208333333354
0 0.66015625 0.4661458333333333 0.034242187499999945 0.04829687500000001
0 0.64892578125 0.24593229166666666 0.031144531250000006 0.04435416666666665
0 0.57177734375 0.18880208333333334 0.03955078125 0.05053645833333332
0 0.51318359375 0.1519375 0.036070312500000055 0.04272395833333332
0 0.6015625 0.4791666666666667 0.04037500000000005 0.04968229166666672
0 0.60693359375 0.19954687499999998 0.03634765625000007 0.044270833333333336
0 0.55615234375 0.155109375 0.03875781249999992 0.04305208333333332
0 0.47216796875 0.141765625 0.03430078124999998 0.04199479166666666
0 0.63916015625 0.20719270833333334 0.032777343749999945 0.04105729166666669
0 0.68505859375 0.4147135416666667 0.029417968749999978 0.043296875000000054
0 0.623046875 0.17090104166666667 0.03396484374999993 0.03885937500000001
0 0.63916015625 0.5517604166666668 0.03155468750000008 0.04520833333333337
0 0.59814453125 0.5738958333333334 0.036558593750000055 0.04545312499999999
0 0.60546875 0.14225520833333333 0.03430078124999998 0.03834895833333333
0 0.54052734375 0.13029166666666664 0.036070312500000055 0.04536979166666666
0 0.494140625 0.10538541666666666 0.033265624999999945 0.044270833333333336
0 0.5068359375 0.12686979166666668 0.035734375000000006 0.04135937500000001
0 0.59033203125 0.1599114583333333 0.03469921874999997 0.039609374999999974
0 0.6220703125 0.5192083333333333 0.039124999999999945 0.04959895833333328
0 0.6845703125 0.4586614583333333 0.028976562499999935 0.044026041666666654
0 0.52734375 0.10294791666666667 0.03448437500000008 0.04044791666666668
0 0.57470703125 0.13142708333333336 0.034089843749999994 0.03997916666666668
0 0.64111328125 0.5895208333333334 0.028214843750000006 0.03857291666666664
0 0.58251953125 0.5192083333333334 0.03732421875000007 0.04939583333333329
0 0.6396484375 0.642578125 0.027113281249999944 0.03692708333333338
2 0.34912109375 0.7096354166666666 0.035554687499999994 0.052937499999999936
0 0.5888671875 0.639 0.02816796875000005 0.03501562500000001
0 0.6650390625 0.5794270833333334 0.026808593750000043 0.03792187499999997
0 0.61474609375 0.5908229166666668 0.030960937500000084 0.04097395833333337
0 0.5888671875 0.6624375 0.028273437500000043 0.034401041666666764
0 0.60595703125 0.6770833333333334 0.025863281250000016 0.033119791666666745
0 0.6806640625 0.4947916666666667 0.03747656250000002 0.04345833333333336
0 0.58740234375 0.6090520833333334 0.031496093750000044 0.037416666666666744
0 0.5615234375 0.10335416666666666 0.03289843749999992 0.033692708333333335
0 0.6591796875 0.53515625 0.035734375000000006 0.0484635416666667
0 0.6162109375 0.6246770833333334 0.029250000000000043 0.035484375000000054
0 0.5791015625 0.4270833333333333 0.021285156249999916 0.03908333333333332
0 0.59423828125 0.11547916666666666 0.03173828125 0.03076041666666667
0 0.6279296875 0.6666666666666666 0.025710937500000065 0.03005208333333324
0 0.615234375 0.6513697916666668 0.027742187499999994 0.03306250000000001
0 0.66357421875 0.6070989583333334 0.025085937499999923 0.03224479166666659
0 0.64453125 0.6940104166666666 0.025710937500000065 0.03967187500000004
0 0.58447265625 0.701171875 0.024796875000000006 0.03657812500000001
0 0.58642578125 0.4703802083333333 0.023070312499999978 0.0386354166666667
0 0.609375 0.7057291666666666 0.023148437500000084 0.027953125000000037
0 0.68310546875 0.5989583333333334 0.022203125000000056 0.035604166666666735
0 0.685546875 0.5680364583333334 0.022843750000000006 0.035072916666666745
0 0.67919921875 0.623375 0.024660156250000044 0.03338541666666662
0 0.5771484375 0.592125 0.020890625000000006 0.038942708333333326
0 0.56494140625 0.7174479166666666 0.023726562499999916 0.029661458333333238
0 0.66796875 0.646484375 0.019789062499999944 0.027260416666666742
0 0.62841796875 0.7272135416666666 0.020523437499999984 0.026651041666666705
0 0.3532734375 0.3219427083333333 0.03204296874999999 0.06014062500000002
0 0.6591796875 0.6334635416666666 0.021453125000000028 0.03129166666666663
0 0.61083984375 0.7350260416666666 0.021484375 0.03236979166666672
0 0.6279296875 0.7109375 0.01968359374999995 0.02982812499999999
0 0.3220234375 0.344078125 0.03601171875000002 0.052083333333333336
0 0.31689453125 0.2973645833333334 0.035066406249999994 0.0514739583333333
0 0.59130859375 0.73046875 0.022765625000000077 0.027463541666666678
0 0.68798828125 0.5322291666666666 0.024796875000000006 0.03684375
0 0.47607421875 0.19189583333333332 0.029648437500000034 0.03812500000000003
0 0.34790234375 0.27051041666666664 0.02937500000000002 0.05383333333333331
0 0.31396484375 0.255859375 0.034882812499999985 0.05025000000000001
0 0.5703125 0.748046875 0.020218750000000084 0.029604166666666744
0 0.591796875 0.7506510416666666 0.021042968749999957 0.0186770833333334
0 0.6416015625 0.7233072916666666 0.01652343750000007 0.02272395833333339
0 0.58447265625 0.564453125 0.019562499999999972 0.02976562500000005
0 0.34619140625 0.22867708333333334 0.02685546875 0.043864583333333346
0 0.336671875 0.3958333333333333 0.054902343749999985 0.05631770833333339
2 0.369140625 0.6515625 0.3734375 0.6520833333333333 0.376953125 0.65 0.38046875 0.6515625 0.389962109375 0.7022223958333333 0.37808242187499996 0.7104916666666666 0.410622265625 0.6918864583333334 0.443399813671875 0.6886711505208333 0.419921875 0.65 0.4234375 0.6552083333333333 0.434765625 0.6557291666666667 0.4421875 0.64375 0.463671875 0.6432291666666666 0.468359375 0.6447916666666667 0.470703125 0.6479166666666667 0.478515625 0.6463541666666667 0.480859375 0.6427083333333333 0.47109375 0.6322916666666667 0.46875 0.6265625 0.46640625 0.6067708333333334 0.46328125 0.596875 0.4625 0.5822916666666667 0.438671875 0.5833333333333334 0.428515625 0.59375 0.41953125 0.5875 0.409375 0.5859375 0.368359375 0.5854166666666667 0.35703125 0.5942708333333333 0.352734375 0.5953125 0.344921875 0.6052083333333333 0.34609375 0.6151041666666667 0.352734375 0.63125 0.363671875 0.6421875 0.369140625 0.6515625
0 0.40351953125 0.6448854166666667 0.03462109375000004 0.05103125000000001
0 0.34768750000000004 0.44698958333333333 0.06271484374999999 0.06122395833333331
0 0.3723515625 0.5102239583333333 0.07105859374999998 0.06335416666666673
0 0.38441796875000006 0.5581822916666667 0.07082421875000003 0.05132812500000004
0 0.27238281249999996 0.27768229166666664 0.050003906249999994 0.08702083333333333
0 0.5092460937500001 0.6749791666666667 0.018097656249999972 0.05073437499999992
0 0.5513007812499999 0.695453125 0.04058203124999995 0.08206770833333342
0 0.47087500000000004 0.7372916666666666 0.027285156249999963 0.030552083333333258
2 0.4410234375 0.6984322916666666 0.13700390625 0.07495312499999993