0 0.5093125 0.31653125 0.041132812500000074 0.061093749999999974
0 0.5083046875 0.2604166666666667 0.039124999999999945 0.05025000000000001
0 0.533203125 0.3401666666666667 0.041929687500000055 0.05415625000000001
0 0.5610390625 0.29215625 0.041929687500000055 0.053145833333333316
0 0.5419921875 0.3942083333333333 0.04327343750000008 0.055781249999999956
0 0.548828125 0.24853125 0.04016406250000006 0.05187500000000001
0 0.5747109375 0.34310416666666665 0.04138281250000002 0.052854166666666674
0 0.6005859375 0.2932916666666667 0.03927343749999999 0.049479166666666664
0 0.6171875 0.3919270833333333 0.03622656249999991 0.048833333333333326
0 0.558109375 0.44206249999999997 0.04153125000000006 0.05423958333333338
0 0.587890625 0.24675 0.03790624999999999 0.046145833333333316
0 0.534671875 0.20638541666666665 0.03942968750000002 0.047645833333333346
0 0.581546875 0.39551041666666664 0.039796875000000044 0.053062499999999936
0 0.59765625 0.44238541666666664 0.03854687499999994 0.053062499999999936
0 0.6103515625 0.34310416666666665 0.03875781249999992 0.05082291666666663
0 0.6220703125 0.25016666666666665 0.03549218750000005 0.04504166666666665
0 0.661625 0.29622916666666665 0.032289062499999945 0.0448854166666667
0 0.5766640625 0.5765 0.034421874999999956 0.04105208333333342
0 0.5166015625 0.17089583333333333 0.03811718749999997 0.046510416666666644
0 0.630375 0.43945833333333334 0.03460937499999996 0.04931250000000003
0 0.6694375 0.34082291666666664 0.03204687499999999 0.04695833333333337
0 0.6318359375 0.29394791666666664 0.0341796875 0.04634375000000001
0 0.5712890625 0.20686458333333332 0.03854687499999994 0.047197916666666666
0 0.651859375 0.25716666666666665 0.03155468750000008 0.04394791666666669
0 0.5703125 0.53678125 0.03656249999999996 0.04606250000000003
0 0.6411171875 0.3395208333333333 0.03338281250000001 0.047041666666666634
0 0.483890625 0.18701041666666668 0.03817968749999991 0.048947916666666674
0 0.604984375 0.20621875 0.03595312499999999 0.04512499999999999
0 0.6494140625 0.38573958333333336 0.03332812500000006 0.048302083333333336
0 0.4970703125 0.22477083333333334 0.038023437500000055 0.054447916666666644
0 0.603515625 0.48926041666666664 0.036710937500000006 0.049687500000000044
0 0.63428125 0.48763541666666665 0.03408593750000009 0.047770833333333346
0 0.565921875 0.48990625 0.039796875000000044 0.050541666666666644
0 0.6767578125 0.38573958333333336 0.02971093749999998 0.045656250000000044
0 0.636234375 0.21533333333333332 0.03271875000000009 0.041135416666666674
0 0.659671875 0.4309895833333333 0.03179687500000004 0.04748958333333337
0 0.4751015625 0.15731250000000002 0.03662500000000009 0.04858333333333332
0 0.687015625 0.4261041666666667 0.029039062500000056 0.04443749999999997
0 0.6040078125 0.5354791666666666 0.03384374999999995 0.04471875000000001
0 0.607421875 0.6064479166666668 0.03142968750000001 0.0372708333333333
0 0.632328125 0.6282604166666667 0.029250000000000043 0.03658333333333322
0 0.661625 0.4752604166666667 0.03142968750000001 0.04634375000000001
0 0.6391640625 0.529625 0.03185937499999998 0.04427083333333339
0 0.607421875 0.5732395833333332 0.03277343750000004 0.041218749999999936
0 0.66553125 0.5169270833333334 0.030437500000000027 0.043375000000000045
0 0.634765625 0.5693333333333332 0.03161718750000002 0.04296875
0 0.587890625 0.17057291666666666 0.03469531250000006 0.039895833333333346
0 0.541015625 0.14103125 0.03689843750000001 0.04280208333333335
0 0.49438281249999994 0.1136875 0.032289062499999945 0.04256249999999998
0 0.573734375 0.1398125 0.034757812500000006 0.03871875000000002
0 0.4653359375 0.12646875 0.034242187499999945 0.05139583333333332
0 0.687015625 0.4752604166666667 0.026859375000000085 0.04296875
0 0.60546875 0.150875 0.03384374999999995 0.036156249999999994
0 0.61865625 0.18294791666666665 0.033265624999999945 0.03841666666666666
0 0.6884765625 0.5146458333333334 0.025265624999999937 0.039229166666666634
0 0.66015625 0.5888645833333332 0.026609374999999956 0.035541666666666555
0 0.634765625 0.6012395833333334 0.027437499999999913 0.03761458333333323
0 0.6840859375 0.5520833333333334 0.024382812500000028 0.03692708333333338
0 0.560546875 0.1136875 0.03253125000000008 0.036697916666666656
0 0.5288125 0.11221875 0.03430468750000006 0.04256249999999998
0 0.6611328125 0.5563125 0.026351562500000016 0.03857291666666664
0 0.5068359375 0.13785416666666667 0.03747656250000002 0.043135416666666676
0 0.6591796875 0.6399791666666667 0.026156250000000013 0.03312499999999995
0 0.3435078125 0.46386458333333336 0.03732031249999999 0.056229166666666684
0 0.5942421875 0.12491666666666666 0.03192187499999992 0.033447916666666654
0 0.3232421875 0.3619791666666667 0.03494531250000001 0.056229166666666684
0 0.661625 0.6152395833333333 0.02546874999999993 0.03206249999999997
0 0.3342265625 0.4114583333333333 0.036625 0.057291666666666664
0 0.3186015625 0.31347916666666664 0.03494531250000001 0.05517708333333336
0 0.3518046875 0.28434375 0.03210156250000003 0.054770833333333345
0 0.3559609375 0.3375625 0.03494531250000001 0.057291666666666664
0 0.3552265625 0.5185520833333334 0.034085937499999996 0.05013541666666666
0 0.315921875 0.271 0.034085937499999996 0.050822916666666655
0 0.6826171875 0.5833333333333334 0.022078124999999994 0.03188541666666656
0 0.58740625 0.74675 0.01802343749999995 0.020333333333333314
0 0.5444375 0.43847916666666664 0.02006250000000005 0.0376979166666666
0 0.6059609375 0.7402395833333333 0.017304687500000072 0.020645833333333266
0 0.6225625 0.7324270833333333 0.01847656250000007 0.020718750000000105
0 0.679203125 0.63834375 0.021484375 0.02854166666666676
0 0.5703125 0.7519583333333333 0.018054687499999923 0.018968750000000038
0 0.6372109375 0.7239583333333334 0.016585937500000016 0.019718750000000066
0 0.55225 0.16829166666666667 0.03726562500000004 0.04044791666666665
0 0.68115625 0.6103541666666668 0.021945312499999935 0.02972916666666663
0 0.348875 0.24267708333333332 0.02838281250000003 0.04704166666666669
2 0.42540625 0.6751666666666666 0.10964062499999998 0.09080208333333341
0 0.4796875 0.6791666666666667 0.4859375 0.6833333333333333 0.50546875 0.65625 0.50390625 0.6114583333333333 0.48828125 0.5916666666666667 0.471875 0.609375 0.46796875 0.6260416666666667 0.4671875 0.653125 0.4796875 0.6791666666666667
0 0.37653125 0.46082291666666664 0.03021093749999997 0.07503124999999997
0 0.3657265625 0.39877083333333335 0.024609375 0.05050000000000002
0 0.37903125000000004 0.5692291666666667 0.020539062499999972 0.05089583333333323
2 0.49138281250000004 0.7405 0.11975781249999998 0.04180208333333345
2 0.3 0.4322916666666667 0.32109375 0.5145833333333333 0.353125 0.60625 0.3609375 0.6239583333333333 0.37109375 0.6239583333333333 0.37265625 0.6104166666666667 0.3703125 0.60625 0.3765625 0.5958333333333333 0.38984375 0.5885416666666666 0.40234375 0.5677083333333334 0.41796875 0.5666666666666667 0.43515625 0.615625 0.4421875 0.6020833333333333 0.45625 0.546875 0.44765625 0.525 0.44296875 0.49895833333333334 0.43359375 0.44583333333333336 0.43515625 0.4083333333333333 0.42734375 0.38645833333333335 0.40546875 0.2677083333333333 0.4015625 0.2375 0.403125 0.228125 0.390625 0.18125 0.378125 0.15729166666666666 0.36484375 0.15104166666666666 0.3453125 0.14895833333333333 0.29453125 0.19270833333333334 0.28515625 0.259375 0.2890625 0.3572916666666667 0.3 0.4322916666666667
2 0.26015625 0.32083333333333336 0.26640625 0.3260416666666667 0.27890625 0.3229166666666667 0.28671875 0.30833333333333335 0.28671875 0.253125 0.27734375 0.24791666666666667 0.27734375 0.24375 0.259375 0.26458333333333334 0.25546875 0.278125 0.25390625 0.2947916666666667 0.26015625 0.32083333333333336
2 0.2315546875 0.6837812499999999 0.022031250000000037 0.04404166666666664
2 0.25 0.5760416666666667 0.2578125 0.5947916666666667 0.26328125 0.596875 0.32109375 0.5197916666666667 0.3109375 0.48333333333333334 0.30078125 0.46770833333333334 0.290625 0.4739583333333333 0.27109375 0.509375 0.24140625 0.5291666666666667 0.2390625 0.5385416666666667 0.25 0.5760416666666667