2 0.553890625 0.5424010416666667 0.17563671875000003 0.10010416666666663
2 0.5682773437499999 0.6476302083333334 0.17939062499999991 0.0749270833333334
0 0.47115234375000004 0.11343229166666666 0.046761718750000014 0.03624479166666665
0 0.576171875 0.2791666666666667 0.579296875 0.2796875 0.584375 0.284375 0.58984375 0.28541666666666665 0.5984375 0.2838541666666667 0.610546875 0.27708333333333335 0.616015625 0.2708333333333333 0.61953125 0.2609375 0.619140625 0.2515625 0.615625 0.24166666666666667 0.609375 0.23385416666666667 0.60078125 0.2296875 0.59296875 0.23072916666666668 0.58671875 0.23489583333333333 0.576171875 0.2484375 0.573046875 0.25625 0.57265625 0.2640625 0.576171875 0.2791666666666667
0 0.64131640625 0.3720833333333333 0.04723437500000003 0.07940625000000003
2 0.2390625 0.33645833333333336 0.24140625 0.3463541666666667 0.2390625 0.35520833333333335 0.24375 0.3729166666666667 0.23359375 0.39166666666666666 0.230859375 0.3927083333333333 0.229296875 0.39947916666666666 0.233203125 0.41510416666666666 0.23203125 0.4166666666666667 0.236328125 0.4588541666666667 0.239453125 0.471875 0.243359375 0.47552083333333334 0.246484375 0.475 0.25546875 0.49166666666666664 0.2609375 0.49166666666666664 0.265625 0.4895833333333333 0.29140625 0.46822916666666664 0.2984375 0.459375 0.303125 0.43697916666666664 0.307421875 0.4276041666666667 0.306640625 0.42239583333333336 0.308984375 0.42135416666666664 0.311328125 0.4161458333333333 0.3109375 0.4078125 0.308984375 0.403125 0.313671875 0.3963541666666667 0.3140625 0.39010416666666664 0.3203125 0.3854166666666667 0.318359375 0.38177083333333334 0.319140625 0.3765625 0.32265625 0.3729166666666667 0.318359375 0.3651041666666667 0.317578125 0.35572916666666665 0.319921875 0.3484375 0.323046875 0.3453125 0.323046875 0.3416666666666667 0.31484375 0.3296875 0.30625 0.32447916666666665 0.30078125 0.3182291666666667 0.28671875 0.31302083333333336 0.27265625 0.3140625 0.27265625 0.32135416666666666 0.250390625 0.3255208333333333 0.24765625 0.3203125 0.23984375 0.321875 0.241796875 0.3302083333333333 0.2390625 0.33645833333333336
2 0.28815234375 0.244703125 0.07409765625000002 0.1153333333333333
0 0.48515625 0.19791666666666666 0.49375 0.20989583333333334 0.503515625 0.2109375 0.508984375 0.209375 0.515234375 0.20520833333333333 0.51796875 0.20104166666666667 0.52265625 0.18541666666666667 0.523046875 0.16979166666666667 0.51953125 0.1609375 0.515234375 0.15572916666666667 0.505078125 0.15104166666666666 0.4984375 0.1515625 0.4875 0.1578125 0.48203125 0.16666666666666666 0.481640625 0.1765625 0.48515625 0.19791666666666666
0 0.4838046875 0.14948958333333331 0.045699218749999916 0.04822395833333335
0 0.49104296875 0.07547916666666667 0.041023437499999996 0.03198958333333334
0 0.52927734375 0.07454166666666667 0.027597656250000036 0.03504687500000001
0 0.56280859375 0.07900520833333333 0.027707031249999937 0.04348958333333333
0 0.542609375 0.105328125 0.02874218749999997 0.035463541666666654
0 0.5251523437500001 0.12866666666666665 0.05300781249999993 0.04366666666666665
0 0.57740234375 0.15876041666666665 0.033957031249999936 0.036776041666666676
0 0.60705078125 0.08921875 0.040359375000000065 0.03925000000000001
0 0.57795703125 0.10892708333333333 0.03728906250000001 0.03970833333333334
0 0.55234375 0.14583333333333334 0.570703125 0.14166666666666666 0.5734375 0.13854166666666667 0.5734375 0.13072916666666667 0.57109375 0.12291666666666666 0.56015625 0.1125 0.55625 0.11145833333333334 0.54375 0.11510416666666666 0.537109375 0.12291666666666666 0.53671875 0.13333333333333333 0.55234375 0.14583333333333334
0 0.603125 0.19791666666666666 0.610546875 0.19427083333333334 0.620703125 0.19322916666666667 0.6234375 0.190625 0.625390625 0.18541666666666667 0.62421875 0.17083333333333334 0.619921875 0.1625 0.6109375 0.1546875 0.607421875 0.15364583333333334 0.59921875 0.15677083333333333 0.59453125 0.15989583333333332 0.5921875 0.165625 0.5921875 0.1796875 0.603125 0.19791666666666666
0 0.6125 0.1546875 0.623046875 0.16666666666666666 0.6484375 0.165625 0.646875 0.1625 0.647265625 0.15729166666666666 0.641015625 0.1515625 0.637890625 0.14114583333333333 0.63046875 0.12916666666666668 0.62421875 0.12916666666666668 0.619921875 0.1328125 0.613671875 0.13385416666666666 0.609765625 0.13802083333333334 0.609375 0.14635416666666667 0.6125 0.1546875
0 0.63828125 0.2046875 0.64296875 0.20208333333333334 0.653125 0.2015625 0.660546875 0.18802083333333333 0.659765625 0.18125 0.64609375 0.16197916666666667 0.6296875 0.16614583333333333 0.625 0.17135416666666667 0.625 0.19270833333333334 0.63828125 0.2046875
0 0.62506640625 0.21880208333333334 0.03355078124999995 0.04509375000000002
0 0.59075390625 0.20828645833333334 0.04291015624999996 0.045578125
0 0.648046875 0.2791666666666667 0.658203125 0.2864583333333333 0.676953125 0.2869791666666667 0.681640625 0.29010416666666666 0.681640625 0.2947916666666667 0.6859375 0.2921875 0.689453125 0.2869791666666667 0.689453125 0.2828125 0.687109375 0.28072916666666664 0.686328125 0.275 0.680859375 0.27239583333333334 0.678515625 0.25625 0.67265625 0.24947916666666667 0.662890625 0.24322916666666666 0.657421875 0.24322916666666666 0.652734375 0.2453125 0.64921875 0.2515625 0.65 0.265625 0.648046875 0.2791666666666667
0 0.638671875 0.221875 0.63671875 0.23229166666666667 0.646484375 0.24427083333333333 0.650390625 0.24635416666666668 0.66796875 0.240625 0.66953125 0.2359375 0.66875 0.22760416666666666 0.665234375 0.215625 0.651171875 0.20260416666666667 0.642578125 0.20208333333333334 0.637109375 0.20833333333333334 0.63671875 0.21666666666666667 0.638671875 0.221875
0 0.623828125 0.31197916666666664 0.6265625 0.31302083333333336 0.6296875 0.32083333333333336 0.63046875 0.3296875 0.646875 0.3296875 0.65078125 0.32760416666666664 0.6578125 0.3182291666666667 0.657421875 0.3140625 0.658984375 0.3109375 0.65703125 0.3 0.6578125 0.29375 0.647265625 0.28541666666666665 0.642578125 0.28229166666666666 0.636328125 0.28177083333333336 0.625390625 0.2869791666666667 0.621875 0.290625 0.62265625 0.3067708333333333 0.623828125 0.31197916666666664
0 0.63719921875 0.26281770833333334 0.02741015625000003 0.046614583333333334
0 0.68989453125 0.393671875 0.04808984375000005 0.03951562500000006
0 0.67792578125 0.3490729166666667 0.02378515624999995 0.03763020833333333
0 0.6544726562500001 0.44338541666666664 0.02866796874999995 0.06300000000000001
0 0.6866953125 0.44069791666666663 0.02874218749999997 0.040348958333333344
0 0.6598203125000001 0.5187552083333333 0.031960937500000064 0.0549166666666667
0 0.6936289062500001 0.48219791666666667 0.030039062500000036 0.04394270833333339
0 0.6636484375 0.554734375 0.03332812500000006 0.031182291666666608
0 0.688375 0.5483854166666667 0.02026953124999995 0.034765625
0 0.6600039062499999 0.5860677083333333 0.019015624999999935 0.0223385416666666
0 0.68306640625 0.5839166666666666 0.012246093749999964 0.031359375000000016
0 0.65854296875 0.613375 0.014242187500000014 0.03502604166666667
0 0.6785351562499999 0.6087343749999999 0.01834765624999992 0.027718749999999896
0 0.6357734374999999 0.6237499999999999 0.028999999999999915 0.033093749999999984
0 0.60390625 0.630609375 0.027039062499999923 0.026088541666666742
0 0.56874609375 0.6475052083333334 0.029593750000000085 0.027828124999999915
0 0.59715625 0.7024895833333333 0.022785156249999973 0.010546875
0 0.6341640625 0.68384375 0.01801562499999996 0.032437500000000105
0 0.6135234374999999 0.6875416666666666 0.0181640625 0.028989583333333256
0 0.61163671875 0.734453125 0.016980468749999922 0.020713541666666658
0 0.63166796875 0.7168645833333334 0.018941406249999914 0.027463541666666678
0 0.58988671875 0.7251302083333333 0.016386718749999928 0.028697916666666618
0 0.5735742187499999 0.7281875 0.012613281249999986 0.021005208333333296
0 0.64851171875 0.7112395833333333 0.002949218750000071 0.03339583333333328
2 0.49058203125000005 0.7238854166666666 0.09954296874999997 0.08296354166666665
2 0.42634375 0.76178125 0.11767968750000005 0.14203124999999991