0 0.5090703125 0.3180729166666667 0.05888281250000009 0.07919791666666663
2 0.37246875 0.42758333333333337 0.15830468750000004 0.5604479166666666
0 0.2716328125 0.27809375000000003 0.07655468750000001 0.08671875
0 0.514359375 0.2622604166666667 0.05645312499999999 0.05952083333333335
0 0.548828125 0.24690624999999997 0.04000781250000003 0.04984374999999999
0 0.560546875 0.2932916666666667 0.04208593749999991 0.0535520833333333
0 0.5747109375 0.34310416666666665 0.04147656249999994 0.052739583333333326
0 0.534671875 0.2055625 0.03890624999999996 0.04634375000000001
0 0.6005859375 0.29362499999999997 0.039124999999999945 0.04996875000000003
0 0.587890625 0.24641666666666667 0.03774999999999995 0.0457395833333333
0 0.58203125 0.39551041666666664 0.03985937499999999 0.052739583333333326
0 0.6171875 0.3919270833333333 0.03643750000000008 0.04874999999999995
0 0.542484375 0.39388541666666665 0.043210937499999956 0.05509374999999998
0 0.5712890625 0.20638541666666665 0.03817968749999991 0.04642708333333333
0 0.558109375 0.4417291666666667 0.04178125000000001 0.05375000000000003
0 0.59765625 0.44206249999999997 0.03869531249999998 0.052739583333333326
0 0.5166015625 0.17170833333333332 0.03860156250000006 0.046875
0 0.6411171875 0.33886458333333336 0.03302343749999999 0.04626041666666663
0 0.6494140625 0.38607291666666665 0.033140625000000055 0.048093749999999956
0 0.61084375 0.3424479166666667 0.03796093749999994 0.05025000000000001
0 0.6689453125 0.34082291666666664 0.032289062499999945 0.04642708333333338
0 0.630375 0.439125 0.03454687500000002 0.04911458333333331
0 0.661625 0.2960625 0.03289843749999992 0.045364583333333285
0 0.6318359375 0.2942708333333333 0.03460937499999996 0.04642708333333338
0 0.6225625 0.24951041666666668 0.035554687499999994 0.043697916666666656
0 0.6044921875 0.20572916666666666 0.03549218750000005 0.04394791666666666
0 0.63428125 0.4879583333333333 0.034242187499999945 0.04793749999999998
0 0.636234375 0.21533333333333332 0.0322265625 0.04058333333333331
0 0.4970703125 0.22314583333333332 0.03747656250000002 0.05139583333333331
0 0.603515625 0.48926041666666664 0.03720312499999991 0.04960416666666667
0 0.651859375 0.25667708333333333 0.03142968750000001 0.04337500000000002
0 0.659671875 0.4309895833333333 0.03167968749999996 0.04740624999999999
0 0.48413281250000006 0.18603125 0.03796093749999994 0.047197916666666666
0 0.6767578125 0.38573958333333336 0.029875000000000006 0.045447916666666664
0 0.5703125 0.5364583333333334 0.03753906249999996 0.04614583333333329
0 0.55225 0.16959375000000002 0.037687500000000006 0.042729166666666644
0 0.662109375 0.4752604166666667 0.031492187499999956 0.045979166666666654
0 0.47485156249999994 0.15592708333333333 0.03656249999999996 0.046145833333333344
0 0.5766640625 0.5768229166666666 0.03469531250000006 0.041281250000000116
0 0.687015625 0.42578125 0.028929687499999978 0.04354166666666662
0 0.5668984375 0.4905625 0.03927343749999999 0.05033333333333338
0 0.6396484375 0.529625 0.03210156249999994 0.044187499999999956
0 0.5415078125 0.14079166666666668 0.03760156250000009 0.042645833333333334
0 0.6040078125 0.5358125 0.03430468750000006 0.044802083333333326
0 0.6650390625 0.5169270833333334 0.030109374999999973 0.04280208333333331
0 0.587890625 0.17057291666666666 0.03488281250000007 0.03961458333333331
0 0.6069375 0.5729166666666666 0.03307812499999994 0.04051041666666677
0 0.573734375 0.13956249999999998 0.03469531250000006 0.039166666666666676
0 0.60546875 0.15144791666666665 0.03402343749999996 0.037124999999999984
0 0.634765625 0.5699895833333334 0.03179687500000004 0.0425624999999999
0 0.494140625 0.11344791666666666 0.03192187499999992 0.041447916666666675
0 0.6176796875 0.18310416666666668 0.03332812500000006 0.039
0 0.607421875 0.606125 0.03192187499999992 0.037843749999999926
0 0.560546875 0.1136875 0.03240625000000001 0.036354166666666674
0 0.46508593749999994 0.12296875 0.03371875000000006 0.045208333333333336
0 0.687015625 0.4749375 0.02748437500000005 0.04198958333333339
0 0.5288125 0.11221875 0.03460937499999996 0.04280208333333334
0 0.6884765625 0.5146458333333334 0.026460937499999913 0.03961458333333336
0 0.6333046875 0.6295625 0.028062500000000056 0.03493749999999996
0 0.59375 0.12532291666666667 0.03174218750000009 0.033322916666666674
0 0.6840859375 0.5517604166666668 0.025132812500000056 0.036354166666666764
0 0.6611328125 0.55696875 0.02650781250000005 0.03922916666666675
0 0.6352578125 0.6009166666666667 0.027523437500000015 0.0372708333333333
0 0.6606484375 0.5885416666666666 0.026656249999999916 0.03487500000000002
0 0.3232421875 0.3619791666666667 0.03499999999999996 0.055583333333333346
0 0.3342265625 0.41178125 0.037046874999999965 0.057500000000000044
0 0.661625 0.6152395833333333 0.024234374999999985 0.030697916666666696
0 0.352296875 0.28451041666666665 0.032468750000000046 0.05570833333333335
0 0.3557109375 0.5182291666666666 0.03582812500000001 0.05159374999999997
0 0.3557109375 0.3372395833333333 0.035062499999999996 0.056645833333333326
0 0.6826171875 0.5839895833333333 0.022109374999999966 0.03269791666666677
0 0.5444375 0.43847916666666664 0.019374999999999965 0.0379270833333333
0 0.68115625 0.6074270833333333 0.022078124999999994 0.02772916666666655
0 0.5649453125 0.5667291666666666 0.022078124999999994 0.032937499999999884
0 0.348875 0.24284375 0.028703125000000006 0.04634375000000001
0 0.2822265625 0.5387395833333334 0.0830078125 0.1280104166666667
0 0.29834375 0.48275 0.030960937499999997 0.03501041666666668
0 0.343265625 0.46484375 0.03753906249999996 0.056114583333333336
2 0.41858593749999995 0.6641041666666666 0.18194531249999996 0.09587499999999996