0 0.5158203125 0.23828125 0.040234375 0.049479166666666664
2 0.37734375 0.38697916666666665 0.18359375 0.465625
2 0.4212890625 0.6565104166666667 0.165234375 0.08385416666666666
0 0.5859375 0.23600520833333333 0.04037500000000005 0.0548489583333333
0 0.56103515625 0.283203125 0.04153515624999997 0.0548489583333333
0 0.57373046875 0.3336614583333333 0.03942968750000002 0.05265104166666663
0 0.51513671875 0.28825 0.04123046875000007 0.058145833333333355
0 0.501953125 0.20280208333333333 0.03759765625 0.05549999999999997
0 0.599609375 0.28596875 0.03860546874999997 0.05375000000000003
0 0.57177734375 0.1883125 0.03927734375000007 0.049598958333333346
0 0.53515625 0.18261979166666667 0.03869531249999998 0.05069791666666668
0 0.53271484375 0.3299166666666667 0.042726562500000044 0.05367187499999997
0 0.63330078125 0.2825520833333333 0.035218749999999945 0.048947916666666674
0 0.6416015625 0.329265625 0.033781250000000006 0.04748437500000004
0 0.51318359375 0.151203125 0.03594921875000008 0.04083333333333332
0 0.60986328125 0.33284375 0.038175781250000006 0.0514739583333333
0 0.47876171875000006 0.17984895833333334 0.03650000000000002 0.05684374999999999
0 0.60693359375 0.20068229166666668 0.036070312500000055 0.04545312499999999
0 0.64892578125 0.24577083333333333 0.031203125000000043 0.043703125000000016
0 0.61962890625 0.23991145833333333 0.03561328125000003 0.047203125
0 0.66259765625 0.28596875 0.030792968749999972 0.042885416666666655
0 0.6171875 0.3824895833333333 0.03738281249999993 0.04976562499999997
0 0.57958984375 0.3844427083333333 0.042726562500000044 0.053062499999999936
0 0.6708984375 0.3299166666666667 0.031144531250000006 0.04410937500000003
0 0.6337890625 0.47754166666666664 0.034425781250000044 0.046755208333333326
0 0.47241406250000006 0.14249479166666665 0.034757812500000006 0.041057291666666676
0 0.60107421875 0.47884375 0.040464843750000055 0.048828125
0 0.595703125 0.431640625 0.04147265625000003 0.05383333333333328
0 0.64697265625 0.3785833333333333 0.03430078124999998 0.047203124999999936
0 0.63916015625 0.20735937499999998 0.032777343749999945 0.04083333333333332
0 0.55615234375 0.15438020833333335 0.03869531249999998 0.04135937499999998
0 0.58984375 0.15950520833333334 0.03454687500000002 0.039609374999999974
0 0.65966796875 0.4225260416666667 0.032652343750000055 0.04838020833333338
0 0.50634765625 0.12621875 0.03494140624999993 0.039307291666666654
0 0.62939453125 0.4293645833333333 0.03488281250000007 0.049479166666666664
0 0.66015625 0.46582291666666664 0.034757812500000006 0.04821874999999996
0 0.6748046875 0.375 0.031675781250000055 0.044270833333333336
0 0.623046875 0.170734375 0.03448437500000008 0.03871875000000002
0 0.54931640625 0.22640104166666666 0.03933593749999993 0.05802604166666665
0 0.68505859375 0.4137395833333333 0.029585937499999916 0.0431302083333333
0 0.623046875 0.519859375 0.03796484375000002 0.047567708333333354
0 0.60546875 0.14273958333333334 0.034089843749999994 0.038411458333333336
0 0.6845703125 0.45801041666666664 0.028593749999999928 0.044270833333333336
0 0.5400390625 0.13029166666666667 0.035402343750000044 0.04451562499999998
0 0.57421875 0.13102083333333334 0.03515625 0.03975520833333334
0 0.49438671875000006 0.10481770833333333 0.03390625000000007 0.04305208333333332
0 0.6396484375 0.5540364583333334 0.03173828125 0.043296875000000054
0 0.52734375 0.101890625 0.03402734375000005 0.038572916666666665
0 0.685546875 0.496421875 0.029875000000000006 0.040281249999999956
0 0.6416015625 0.58984375 0.028593749999999928 0.03877604166666657
0 0.59716796875 0.5738958333333334 0.036558593750000055 0.04520833333333343
0 0.65869140625 0.5345052083333334 0.03338671874999992 0.04658854166666663
0 0.5615234375 0.10319270833333333 0.03259375000000002 0.03275520833333333
0 0.59423828125 0.11531770833333334 0.031019531249999944 0.029947916666666668
0 0.6650390625 0.5791041666666668 0.026917968749999945 0.036640624999999954
0 0.5859375 0.5224635416666666 0.041078124999999945 0.055906249999999956
0 0.63916015625 0.6432291666666666 0.026917968749999945 0.03629687500000003
0 0.587890625 0.609375 0.031019531249999944 0.03643750000000002
0 0.615234375 0.5914739583333334 0.029648437500000034 0.03857291666666664
0 0.58935546875 0.6376979166666668 0.026656249999999916 0.03159374999999993
0 0.66357421875 0.6064479166666668 0.025269531250000022 0.03269270833333333
0 0.60546875 0.677734375 0.02580078125000007 0.03324479166666663
0 0.67919921875 0.6236979166666666 0.023375000000000055 0.03263541666666659
0 0.61669921875 0.6246770833333334 0.028761718750000043 0.034932291666666754
0 0.685546875 0.5677083333333334 0.02279687500000005 0.035541666666666555
0 0.64453125 0.6946614583333334 0.025710937500000065 0.04160416666666673
0 0.31494140625 0.2819010416666667 0.03454687500000002 0.050130208333333336
0 0.68310546875 0.5986354166666668 0.022675781250000072 0.035807291666666664
0 0.6474609375 0.6595052083333334 0.023421875000000016 0.02854166666666676
0 0.615234375 0.6510416666666666 0.026917968749999945 0.033119791666666745
0 0.5791015625 0.42676041666666664 0.020597656250000006 0.038859374999999946
0 0.5888671875 0.6624375 0.027589843750000044 0.03369270833333336
0 0.58544921875 0.4713541666666667 0.021910156250000055 0.040281249999999956
0 0.60888671875 0.7076822916666666 0.023195312500000044 0.029723958333333418
0 0.62890625 0.666015625 0.025664062499999928 0.03001041666666661
0 0.66845703125 0.646484375 0.019761718750000056 0.027463541666666678
0 0.58447265625 0.7005208333333334 0.024519531249999994 0.035484375000000054
0 0.57666015625 0.5927760416666668 0.020250000000000056 0.03806770833333341
0 0.35546875 0.297203125 0.03726171875000004 0.06079166666666668
0 0.6279296875 0.7109375 0.020250000000000056 0.030984374999999887
0 0.65869140625 0.6334635416666666 0.020339843750000065 0.028932291666666762
0 0.60986328125 0.728515625 0.021742187499999944 0.02290625000000001
0 0.5908203125 0.7317708333333334 0.023070312499999978 0.02772916666666655
0 0.68798828125 0.5322291666666666 0.023726562499999916 0.036354166666666646
0 0.33203125 0.328453125 0.05108593749999999 0.05415625000000001
0 0.34912109375 0.2514635416666667 0.02937500000000002 0.04821875000000002
0 0.5703125 0.7408854166666666 0.021910156250000055 0.022463541666666722
0 0.5328125 0.71875 0.546484375 0.71875 0.552734375 0.7213541666666666 0.5546875 0.7046875 0.551953125 0.6864583333333333 0.54921875 0.678125 0.5453125 0.6734375 0.53671875 0.6692708333333334 0.529296875 0.6817708333333333 0.528515625 0.69375 0.5328125 0.71875
0 0.5039765625 0.7395729166666667 0.05710546875000002 0.06405729166666656