0 0.366109375 0.4923958333333333 0.04195703125000003 0.0881041666666667
0 0.55224609375 0.6422552083333334 0.046812500000000055 0.08585416666666675
2 0.3369140625 0.19286979166666668 0.09466406249999997 0.11987499999999998
0 0.681640625 0.49446875 0.036070312500000055 0.04296875
0 0.6884765625 0.5319010416666666 0.02351562499999993 0.03643750000000002
0 0.27221875 0.28434375 0.03366015625000003 0.06823958333333333
0 0.64501953125 0.693359375 0.025421874999999972 0.03908333333333332
0 0.62158203125 0.519859375 0.037687500000000006 0.050046874999999956
0 0.65869140625 0.5341822916666668 0.033601562499999994 0.04711979166666662
2 0.45390625 0.6869791666666667 0.45859375 0.6854166666666667 0.462109375 0.6921875 0.46171875 0.6984375 0.45859375 0.7010416666666667 0.4615234375 0.7015625 0.4859375 0.7286458333333333 0.49453125 0.73125 0.4984375 0.7302083333333333 0.501171875 0.7255208333333333 0.50546875 0.7234375 0.5203125 0.725 0.529296875 0.7135416666666666 0.52890625 0.709375 0.525 0.703125 0.520703125 0.703125 0.487109375 0.6776041666666667 0.482421875 0.6666666666666666 0.470703125 0.6697916666666667 0.463671875 0.6796875 0.4578125 0.6838541666666667 0.453125 0.6838541666666667 0.45234375 0.6859375 0.45390625 0.6869791666666667
2 0.392578125 0.6973958333333333 0.4015625 0.7026041666666667 0.4078125 0.7098958333333333 0.413671875 0.7109375 0.417578125 0.7088541666666667 0.4140625 0.7041666666666667 0.4125 0.6895833333333333 0.4109375 0.6890625 0.404296875 0.6723958333333333 0.39609375 0.6739583333333333 0.391796875 0.6713541666666667 0.388671875 0.659375 0.3765625 0.6630208333333333 0.376953125 0.6739583333333333 0.392578125 0.6973958333333333
2 0.503125 0.6697916666666667 0.50625 0.6744791666666666 0.506640625 0.6822916666666666 0.503125 0.6854166666666667 0.504296875 0.690625 0.513671875 0.6979166666666666 0.514453125 0.6901041666666666 0.519921875 0.6895833333333333 0.52109375 0.6921875 0.521875 0.6854166666666667 0.5171875 0.665625 0.509765625 0.6614583333333334 0.508984375 0.6682291666666667 0.503125 0.6697916666666667
2 0.40001171874999997 0.61825 0.17683984375 0.08866666666666655
0 0.524640625 0.45094270833333333 0.04153125000000006 0.06645833333333329
0 0.5332421875 0.3447864583333333 0.05107421875 0.072796875
0 0.5232187500000001 0.291578125 0.038078125000000004 0.06309375000000002
0 0.47491796875 0.150484375 0.037171874999999945 0.06296354166666666
0 0.5386328125000001 0.12253125 0.02901171874999999 0.04576041666666667
0 0.5791796875 0.18917708333333336 0.03414843750000003 0.05439062500000003
0 0.5513671875 0.22590625 0.04586718750000003 0.06690104166666669
0 0.5803906249999999 0.24248958333333331 0.00728124999999995 0.010244791666666645
0 0.607 0.28406770833333334 0.04008203125000005 0.05347395833333334
0 0.665390625 0.2840260416666667 0.03572656250000002 0.06155208333333337
0 0.61594921875 0.34996875000000005 0.03552343750000002 0.07275520833333336
0 0.58311328125 0.33866666666666667 0.04130859375 0.07646874999999996
0 0.62646484375 0.23916666666666664 0.03681640625 0.05531770833333332
0 0.6308515625 0.17025520833333332 0.03947265625000007 0.04271354166666666
0 0.5903046875 0.15559375 0.02992578125000005 0.03876562500000003
0 0.57887890625 0.12670833333333334 0.029617187500000065 0.03816666666666668
0 0.63338671875 0.4298541666666667 0.030531249999999944 0.05805208333333335
0 0.60071484375 0.432453125 0.04819140624999996 0.058796875000000054
0 0.56452734375 0.4466875 0.04880468750000002 0.06126041666666673
0 0.6649765624999999 0.42967187500000004 0.03855078125000002 0.06733854166666665
0 0.65717578125 0.3756875 0.034093750000000075 0.05519791666666667
0 0.67372265625 0.4159583333333333 0.031980468749999956 0.05552083333333328
0 0.6251445312499999 0.591703125 0.03576562499999998 0.07793229166666672
0 0.5938320312500001 0.5930520833333334 0.029972656250000007 0.16977604166666663
0 0.673 0.6083854166666666 0.05348437500000003 0.10238541666666663
2 0.43421093749999995 0.6855260416666666 0.12992968749999995 0.07768749999999992
0 0.5168984375 0.7520416666666667 0.07274218749999992 0.03784895833333337
0 0.61966796875 0.7359583333333333 0.07830859374999992 0.07126562499999996
2 0.28515625 0.2765625 0.284375 0.3098958333333333 0.290625 0.3807291666666667 0.294921875 0.409375 0.30625 0.46822916666666664 0.333203125 0.55625 0.3328125 0.56875 0.343359375 0.5848958333333333 0.34921875 0.5994791666666667 0.353515625 0.603125 0.35703125 0.6020833333333333 0.36328125 0.5911458333333334 0.36953125 0.5880208333333333 0.378125 0.5885416666666666 0.383984375 0.5859375 0.38828125 0.5869791666666667 0.421484375 0.5822916666666667 0.423046875 0.5880208333333333 0.427734375 0.5927083333333333 0.433984375 0.5916666666666667 0.439453125 0.5838541666666667 0.442578125 0.571875 0.440625 0.5651041666666666 0.444921875 0.5552083333333333 0.44765625 0.528125 0.443359375 0.5010416666666667 0.439453125 0.48385416666666664 0.4375 0.48125 0.43515625 0.46197916666666666 0.431640625 0.4510416666666667 0.42890625 0.425 0.433203125 0.4125 0.43359375 0.3963541666666667 0.427734375 0.37864583333333335 0.42109375 0.37552083333333336 0.41796875 0.3625 0.41640625 0.33229166666666665 0.408984375 0.2833333333333333 0.4046875 0.26493072916666666 0.4015625 0.21614583333333334 0.39609375 0.19947916666666668 0.3921875 0.16979166666666667 0.380859375 0.14635416666666667 0.3703125 0.14375 0.365234375 0.13854166666666667 0.35859375 0.14166666666666666 0.345703125 0.1375 0.294921875 0.18072916666666666 0.284375 0.2515625 0.283203125 0.2708333333333333 0.28515625 0.2765625