0 0.52617578125 0.45523437499999997 0.042261718750000024 0.07055729166666667
0 0.560546875 0.441734375 0.040101562499999945 0.05224479166666664
0 0.53076171875 0.34375 0.042238281250000044 0.05423958333333338
0 0.6298828125 0.4296875 0.03527734374999998 0.05069791666666663
0 0.54052734375 0.396484375 0.04263281249999995 0.05423958333333338
0 0.59765625 0.4313177083333333 0.03942968750000002 0.05415625000000001
0 0.66064453125 0.4235052083333333 0.03308203125000002 0.04984375000000003
0 0.58056640625 0.38574479166666664 0.04123046875000007 0.05477083333333337
0 0.6748046875 0.375328125 0.03173828125 0.045572916666666664
0 0.68505859375 0.4156927083333333 0.029417968749999978 0.043296874999999936
0 0.56982421875 0.328453125 0.04360937499999995 0.05517708333333336
0 0.66943359375 0.33040625 0.03143359374999992 0.045656250000000044
0 0.61669921875 0.3824895833333333 0.037535156250000055 0.05139062500000004
0 0.5625 0.2791354166666667 0.043214843750000044 0.0548489583333333
0 0.6630859375 0.2875989583333334 0.031203125000000043 0.04435416666666668
0 0.60693359375 0.3260104166666667 0.03854296875000003 0.05224479166666664
0 0.55908203125 0.4830729166666667 0.03732421875000007 0.029255208333333373
0 0.5986328125 0.4684270833333333 0.039488281250000055 0.028989583333333378
0 0.6474609375 0.37890625 0.03436328124999992 0.04858333333333332
0 0.6015625 0.2775052083333333 0.037687500000000006 0.05053645833333332
0 0.50244140625 0.20084895833333333 0.03781250000000007 0.0530625
0 0.63916015625 0.3273125 0.03494140624999993 0.050901041666666674
0 0.583984375 0.2351875 0.04031249999999993 0.05415625000000001
0 0.5439453125 0.24202604166666666 0.040925781249999994 0.05529687499999998
0 0.64892578125 0.24593229166666664 0.03143359374999992 0.04386458333333332
0 0.63330078125 0.283203125 0.035066406249999994 0.04821874999999999
0 0.356203125 0.44759375 0.056640625 0.0634791666666666
0 0.3669453125 0.5110677083333334 0.056855468749999985 0.07413541666666669
0 0.63916015625 0.20784375 0.032472656250000044 0.04152604166666667
0 0.47729687500000006 0.17919791666666668 0.036070312500000055 0.058921875
0 0.47216796875 0.142984375 0.03436328124999992 0.042317708333333336
0 0.53515625 0.18603645833333332 0.03875781249999992 0.05708854166666667
0 0.344484375 0.3951822916666667 0.055421874999999954 0.05578645833333328
0 0.6201171875 0.239421875 0.035066406249999994 0.04520833333333331
0 0.60693359375 0.200359375 0.03594921875000008 0.04488020833333331
0 0.62353515625 0.17090104166666667 0.03384374999999995 0.038270833333333344
0 0.5126953125 0.1519375 0.036222656250000006 0.042645833333333334
0 0.49389843750000006 0.10538541666666666 0.032777343749999945 0.04353645833333332
0 0.32666015625 0.29980729166666664 0.051847656250000006 0.053062499999999936
0 0.56982421875 0.19205729166666666 0.04052734375 0.057697916666666654
0 0.50439453125 0.12711458333333334 0.0341796875 0.040895833333333326
0 0.556640625 0.15462499999999998 0.038820312500000044 0.04321354166666668
0 0.58984375 0.16015625 0.03494140624999993 0.0414427083333333
0 0.60546875 0.14273958333333334 0.034425781250000044 0.03922395833333335
0 0.33423046875 0.34668229166666664 0.05520703124999997 0.05265104166666663
0 0.52734375 0.10172395833333334 0.034242187499999945 0.036989583333333326
0 0.34765625 0.23177083333333334 0.0322265625 0.05749479166666666
0 0.54052734375 0.13142708333333336 0.03628515624999995 0.04557291666666668
0 0.59423828125 0.11547916666666666 0.03137109374999998 0.030703124999999994
0 0.57421875 0.13142708333333333 0.035218749999999945 0.04005729166666668
0 0.56103515625 0.10278125 0.03259375000000002 0.032447916666666674
0 0.31982421875 0.255046875 0.038023437499999965 0.048583333333333346
0 0.24670312499999997 0.484375 0.02024999999999997 0.03706770833333337
0 0.66015625 0.6266302083333334 0.020765624999999944 0.029380208333333258
0 0.67822265625 0.6171875 0.027527343749999923 0.04058854166666658
0 0.42602734375000006 0.7063802083333334 0.03561328125000003 0.058145833333333265
0 0.248046875 0.4537760416666667 0.020523437499999984 0.026000000000000037
0 0.2810078125 0.541015625 0.01395312500000001 0.03416145833333335
0 0.23474218750000003 0.6647135416666666 0.02433593749999998 0.028645833333333332
0 0.39892578125 0.7102864583333334 0.027910156249999974 0.04097395833333337
0 0.2605 0.5546875 0.016464843750000034 0.02752604166666662
2 0.37784765625 0.37336458333333333 0.18986718749999998 0.46603125