2 0.3941484375 0.29278125 0.18946093749999998 0.3076875
0 0.5455546874999999 0.3858697916666667 0.04423828125 0.05611979166666667
0 0.58251953125 0.3854166666666667 0.03927734375000007 0.05244791666666669
0 0.60986328125 0.332359375 0.03823828124999995 0.05176041666666661
0 0.55908203125 0.43196875 0.04296875 0.05314062499999998
0 0.57421875 0.3336614583333333 0.04025390625000007 0.05216666666666671
0 0.59716796875 0.431640625 0.03933593749999993 0.05244791666666669
0 0.6298828125 0.4296875 0.03469921874999997 0.04984375000000003
0 0.6171875 0.3824895833333333 0.03662109375 0.04976562499999997
0 0.56103515625 0.2827135416666666 0.04202343749999997 0.05326562499999999
0 0.6708984375 0.3294270833333333 0.03161718750000002 0.04488020833333337
0 0.501953125 0.20280208333333333 0.03747656250000002 0.05578645833333334
0 0.64208984375 0.3299166666666667 0.034757812500000006 0.04931770833333336
0 0.6611328125 0.46777604166666664 0.033203125 0.04801562500000003
0 0.66015625 0.4215520833333333 0.033140625000000055 0.04740624999999999
0 0.6748046875 0.375 0.03259375000000002 0.044802083333333326
0 0.634765625 0.4781927083333333 0.03390625000000007 0.04626562499999996
0 0.6630859375 0.2864583333333333 0.03125 0.043864583333333346
0 0.60107421875 0.47949479166666664 0.039124999999999945 0.048093749999999956
0 0.51416015625 0.23763020833333334 0.038820312500000044 0.05053645833333332
0 0.599609375 0.2849947916666667 0.038023437500000055 0.05159374999999997
0 0.646484375 0.37890625 0.03448437500000008 0.0486666666666667
0 0.6328125 0.2836927083333334 0.03515625 0.05025000000000001
0 0.53466796875 0.18098958333333334 0.038175781250000006 0.04748437499999998
0 0.3942890625 0.22640104166666666 0.045960937500000035 0.055380208333333354
0 0.685546875 0.4140625 0.029816406249999972 0.0428072916666667
0 0.64892578125 0.24593229166666666 0.03143359374999992 0.04394791666666666
0 0.58642578125 0.23372395833333334 0.040464843750000055 0.052083333333333336
0 0.6396484375 0.20784375 0.03402734375000005 0.04174999999999998
0 0.62060546875 0.23795833333333333 0.03469921874999997 0.04463541666666669
0 0.6845703125 0.4576822916666667 0.02914453125000005 0.04378124999999997
0 0.4794921875 0.18196874999999998 0.037109375 0.06026041666666669
0 0.47192578125000006 0.142984375 0.03430078124999998 0.04451562500000002
0 0.607421875 0.20052083333333334 0.03662109375 0.04520833333333331
0 0.57177734375 0.18847916666666667 0.039488281250000055 0.049192708333333356
0 0.54931640625 0.22265625 0.04031249999999993 0.0530625
0 0.55615234375 0.1535625 0.03869531249999998 0.041828125000000015
0 0.357421875 0.256671875 0.043519531250000035 0.05603125000000002
0 0.62353515625 0.171875 0.03454687500000002 0.03857291666666664
0 0.68603515625 0.49609375 0.029753906250000028 0.03944791666666667
0 0.5126953125 0.15088020833333332 0.035734375000000006 0.04199479166666666
0 0.365234375 0.310875 0.04428124999999996 0.05761979166666661
0 0.60595703125 0.14273958333333334 0.034605468750000055 0.039895833333333346
0 0.63916015625 0.5872395833333334 0.03448437500000008 0.040281250000000074
0 0.49365234375 0.105796875 0.032652343750000055 0.045041666666666674
2 0.37329296875 0.6204427083333334 0.08880468749999997 0.15918229166666673
0 0.57470703125 0.13077604166666668 0.03601171875000002 0.040140625
0 0.6337890625 0.54525 0.04162499999999998 0.054567708333333326
0 0.58935546875 0.1605625 0.035734375000000006 0.04067187500000002
0 0.3447265625 0.22591145833333334 0.03811718749999997 0.049598958333333346
0 0.52734375 0.10261979166666667 0.0341796875 0.03916666666666666
0 0.5048828125 0.12686979166666668 0.034242187499999945 0.043213541666666654
0 0.54052734375 0.13102083333333334 0.036710937500000006 0.04614062500000002
0 0.6396484375 0.6435572916666668 0.029921874999999966 0.04050520833333333
2 0.47192578125000006 0.6302083333333334 0.08239843750000002 0.14957812500000003
0 0.6806640625 0.6217447916666666 0.024093749999999935 0.03678645833333339
0 0.6650390625 0.58203125 0.026261718750000006 0.039531250000000046
0 0.59423828125 0.11613020833333333 0.031675781250000055 0.03188020833333332
0 0.56103515625 0.10376041666666666 0.03271484375 0.03377083333333332
0 0.6123046875 0.6481145833333334 0.03253125000000008 0.047203125000000054
0 0.66357421875 0.6048177083333334 0.025421874999999972 0.03486979166666657
0 0.6611328125 0.63509375 0.023910156250000016 0.03692708333333338
0 0.6826171875 0.6025416666666668 0.022109374999999966 0.0342187499999999
0 0.5966796875 0.6588541666666666 0.023558593749999978 0.044802083333333326
0 0.68603515625 0.5686875 0.022843750000000006 0.035072916666666745
0 0.63134765625 0.60775 0.024519531249999994 0.03306250000000001
0 0.583984375 0.70703125 0.02377343750000005 0.032755208333333265
0 0.5673828125 0.7180989583333334 0.02328515625000005 0.032937499999999884
0 0.38134765625 0.18961458333333334 0.039949218749999994 0.047770833333333346
0 0.64501953125 0.693359375 0.023726562499999916 0.03997916666666678
0 0.548828125 0.7467447916666666 0.023558593749999978 0.034401041666666764
0 0.54638671875 0.7220052083333334 0.024046874999999978 0.03092708333333339
0 0.56982421875 0.75 0.02133203125000005 0.029380208333333258
0 0.6591796875 0.5341822916666668 0.029816406249999972 0.04488020833333337
0 0.35669140625 0.6080729166666666 0.033601562499999994 0.040281250000000074
0 0.626953125 0.6966145833333334 0.023863281250000055 0.03356770833333324
0 0.607421875 0.7063802083333334 0.024519531249999994 0.02882812499999995
0 0.59033203125 0.751953125 0.023820312500000006 0.027953125000000037
0 0.6103515625 0.7298177083333334 0.021085937500000006 0.030171874999999914
0 0.359375 0.5849635416666668 0.03308203125000002 0.03513541666666668
0 0.646484375 0.7239583333333334 0.022078124999999994 0.03086458333333345
0 0.58349609375 0.47168229166666664 0.017378906249999916 0.03706770833333337
0 0.6875 0.5322291666666666 0.023910156250000016 0.03629687499999997
0 0.62841796875 0.7278645833333334 0.020765624999999944 0.027588541666666563
0 0.59033203125 0.7291666666666666 0.023375000000000055 0.02915625000000001
0 0.39233593750000006 0.6015625 0.03430078125000002 0.0360104166666666
0 0.67431640625 0.5218125 0.025863281250000016 0.03609374999999997
2 0.42358593750000006 0.767578125 0.08361718749999998 0.09188020833333325
0 0.3603515625 0.644859375 0.031496093750000044 0.035947916666666656
2 0.3125 0.5709635416666666 0.06372265625000004 0.13077604166666668
0 0.46118359375000006 0.7493489583333334 0.02328515625000005 0.031880208333333354
0 0.51871875 0.28617708333333336 0.040847656250000065 0.062276041666666636
0 0.5332578125 0.3332864583333333 0.04555078125000005 0.05607812500000004
0 0.39908984375 0.27577083333333335 0.038863281250000006 0.05092187499999999
0 0.42038281250000004 0.3284479166666667 0.04951171875 0.05778645833333336
0 0.3723046875 0.3581822916666667 0.057832031249999985 0.05158854166666664
0 0.3301484375 0.59728125 0.07336718749999997 0.2931927083333333
0 0.28228515625 0.25776041666666666 0.07270312500000005 0.10435937500000003
2 0.27151953125 0.36444270833333337 0.08760937499999999 0.09249479166666662
2 0.259375 0.4395833333333333 0.256640625 0.44375 0.266015625 0.46510416666666665 0.278515625 0.4822916666666667 0.28203125 0.48489583333333336 0.2859375 0.48489583333333336 0.300390625 0.4739583333333333 0.30859375 0.4703125 0.315625 0.459375 0.32890625 0.42291666666666666 0.3390625 0.4119791666666667 0.340234375 0.40677083333333336 0.3390625 0.3927083333333333 0.334765625 0.384375 0.321875 0.36875 0.3140625 0.36354166666666665 0.30703125 0.3645833333333333 0.298046875 0.3703125 0.29140625 0.384375 0.289453125 0.3921875 0.274609375 0.4088541666666667 0.268359375 0.43385416666666665 0.259375 0.4395833333333333
2 0.439453125 0.64375 0.44609375 0.6697916666666667 0.454296875 0.6828125 0.4625 0.6916666666666667 0.478515625 0.6921875 0.484765625 0.7010416666666667 0.4890625 0.7026041666666667 0.5015625 0.7020833333333333 0.512890625 0.6989583333333333 0.517578125 0.7010416666666667 0.52421875 0.6979166666666666 0.55234375 0.6979166666666666 0.562109375 0.6927083333333334 0.564453125 0.69375 0.571875 0.6864583333333333 0.588671875 0.6776041666666667 0.588671875 0.6739583333333333 0.584375 0.6703125 0.583984375 0.665625 0.5828125 0.665625 0.582421875 0.659375 0.584765625 0.6578125 0.584765625 0.6484375 0.586328125 0.6463541666666667 0.5796875 0.625 0.57734375 0.6109375 0.58046875 0.6026041666666667 0.59921875 0.5932291666666667 0.60859375 0.5760416666666667 0.608203125 0.5640625 0.600390625 0.5328125 0.5953125 0.528125 0.585546875 0.5270833333333333 0.57578125 0.5354166666666667 0.560546875 0.5369791666666667 0.55 0.5432291666666667 0.44296875 0.5875 0.434375 0.6177083333333333 0.434375 0.63125 0.439453125 0.64375
0 0.478125 0.6557291666666667 0.487109375 0.6583333333333333 0.501953125 0.653125 0.5046875 0.63125 0.501953125 0.6067708333333334 0.49296875 0.6072916666666667 0.476953125 0.6135416666666667 0.467578125 0.6213541666666667 0.46796875 0.6416666666666667 0.478125 0.6557291666666667