2 0.387890625 0.27447916666666666 0.153125 0.271875
0 0.5427734375 0.38307291666666665 0.044921875 0.0546875
0 0.58251953125 0.3854166666666667 0.03955078125 0.052937825520833336
0 0.55859375 0.4322916666666667 0.04296875 0.0538330078125
0 0.59765625 0.431640625 0.038818359375 0.0528564453125
0 0.60986328125 0.33251953125 0.038177490234375 0.052083333333333336
0 0.5712890625 0.3336588541666667 0.042327880859375 0.053548177083333336
0 0.63037109375 0.4293619791666667 0.035003662109375 0.049112955729166664
0 0.6171875 0.3824869791666667 0.037689208984375 0.050130208333333336
0 0.56103515625 0.2838541666666667 0.0413818359375 0.0557861328125
0 0.67138671875 0.3299153645833333 0.03228759765625 0.044108072916666664
0 0.6748046875 0.375 0.0323486328125 0.0447998046875
0 0.501953125 0.20231119791666666 0.0374755859375 0.054158528645833336
0 0.66064453125 0.4658203125 0.034088134765625 0.0462646484375
0 0.66064453125 0.4215494791666667 0.03302001953125 0.048299153645833336
0 0.6630859375 0.2864583333333333 0.03131103515625 0.04345703125
0 0.6416015625 0.3292643229166667 0.03424072265625 0.0482177734375
0 0.63427734375 0.478515625 0.033966064453125 0.0467529296875
0 0.60107421875 0.4794921875 0.039276123046875 0.0489501953125
0 0.599609375 0.28564453125 0.038238525390625 0.052937825520833336
0 0.685546875 0.4143880208333333 0.029083251953125 0.04248046875
0 0.64697265625 0.3785807291666667 0.03424072265625 0.0474853515625
0 0.6494140625 0.24560546875 0.03131103515625 0.0439453125
0 0.63330078125 0.2845052083333333 0.0352783203125 0.05126953125
0 0.472412109375 0.14200846354166666 0.034423828125 0.042317708333333336
0 0.5859375 0.23551432291666666 0.040679931640625 0.054361979166666664
0 0.53515625 0.18359375 0.0384521484375 0.052083333333333336
0 0.68505859375 0.4583333333333333 0.029205322265625 0.043538411458333336
0 0.39306640625 0.22819010416666666 0.044097900390625 0.053263346354166664
0 0.63916015625 0.20735677083333334 0.03253173828125 0.040669759114583336
0 0.6064453125 0.20035807291666666 0.036285400390625 0.0450439453125
0 0.6201171875 0.23893229166666666 0.035614013671875 0.045979817708333336
0 0.493896484375 0.10538736979166667 0.03326416015625 0.044108072916666664
0 0.55615234375 0.15437825520833334 0.0384521484375 0.04248046875
0 0.623046875 0.17154947916666666 0.03424072265625 0.03826904296875
0 0.5126953125 0.15144856770833334 0.03607177734375 0.041748046875
0 0.57177734375 0.18912760416666666 0.0394287109375 0.0509033203125
0 0.548828125 0.22444661458333334 0.0394287109375 0.055908203125
0 0.5146484375 0.24072265625 0.038909912109375 0.054036458333333336
0 0.60595703125 0.14249674479166666 0.03448486328125 0.0389404296875
0 0.52783203125 0.10335286458333333 0.0343017578125 0.040669759114583336
0 0.63330078125 0.5439453125 0.040771484375 0.0513916015625
0 0.354736328125 0.2522786458333333 0.038330078125 0.045206705729166664
0 0.58984375 0.16048177083333334 0.0352783203125 0.041056315104166664
0 0.477783203125 0.17789713541666666 0.036712646484375 0.057088216145833336
0 0.68212890625 0.4954427083333333 0.034942626953125 0.041524251302083336
0 0.57421875 0.13126627604166666 0.035400390625 0.03997802734375
0 0.5068359375 0.126220703125 0.03582763671875 0.040445963541666664
0 0.54052734375 0.13077799479166666 0.036834716796875 0.045450846354166664
0 0.344970703125 0.22298177083333334 0.03662109375 0.044108072916666664
0 0.59423828125 0.11612955729166667 0.03192138671875 0.032063802083333336
0 0.5615234375 0.10408528645833333 0.032958984375 0.03466796875
0 0.36474609375 0.3108723958333333 0.04083251953125 0.055908203125
0 0.6376953125 0.5895182291666666 0.03204345703125 0.040364583333333336
0 0.484619140625 0.6298828125 0.03643798828125 0.046875
2 0.276611328125 0.4225260416666667 0.06658935546875 0.15275065104166666
0 0.63818359375 0.6435546875 0.02801513671875 0.037699381510416664
0 0.60400390625 0.6751302083333334 0.0273284912109375 0.032816569010416664
0 0.469482421875 0.6549479166666666 0.035552978515625 0.058797200520833336
0 0.5166015625 0.6360677083333334 0.03533935546875 0.06587727864583333
0 0.382080078125 0.19010416666666666 0.03790283203125 0.04345703125
0 0.66162109375 0.5341796875 0.03753662109375 0.048828125
0 0.58447265625 0.7063802083333334 0.024566650390625 0.033955891927083336
0 0.611328125 0.6393229166666666 0.03271484375 0.055379231770833336
0 0.66552734375 0.5791015625 0.026702880859375 0.03594970703125
0 0.64501953125 0.6953125 0.023773193359375 0.03741455078125
0 0.46826171875 0.7311197916666666 0.023468017578125 0.044189453125
0 0.640625 0.6165364583333334 0.0261993408203125 0.032694498697916664
0 0.59521484375 0.6595052083333334 0.0217742919921875 0.041219075520833336
0 0.48046875 0.5667317708333334 0.0232391357421875 0.017903645833333332
0 0.6767578125 0.5192057291666666 0.0295867919921875 0.03363037109375
0 0.6640625 0.6057942708333334 0.02508544921875 0.031168619791666668
0 0.56689453125 0.7174479166666666 0.0225830078125 0.030863444010416668
0 0.60791015625 0.7096354166666666 0.0245208740234375 0.029317220052083332
0 0.492431640625 0.716796875 0.018768310546875 0.030985514322916668
0 0.5302734375 0.75390625 0.0259552001953125 0.0360107421875
0 0.62353515625 0.5716145833333334 0.01395416259765625 0.027689615885416668
0 0.54638671875 0.72265625 0.023956298828125 0.029825846354166668
0 0.62646484375 0.6979166666666666 0.022979736328125 0.036092122395833336
0 0.5849609375 0.4716796875 0.0191192626953125 0.037699381510416664
0 0.52001953125 0.724609375 0.02685546875 0.027689615885416668
0 0.49560546875 0.734375 0.0245208740234375 0.02716064453125
0 0.65966796875 0.6331380208333334 0.0222015380859375 0.03070068359375
0 0.66748046875 0.646484375 0.0200653076171875 0.028055826822916668
0 0.68359375 0.5983072916666666 0.021820068359375 0.034810384114583336
0 0.54931640625 0.75 0.0247039794921875 0.036783854166666664
0 0.62841796875 0.6061197916666666 0.021575927734375 0.037353515625
0 0.609375 0.734375 0.022247314453125 0.038777669270833336
0 0.5693359375 0.744140625 0.0239105224609375 0.034810384114583336
0 0.685546875 0.568359375 0.0219879150390625 0.032633463541666664
0 0.62841796875 0.7311197916666666 0.0206451416015625 0.033060709635416664
0 0.5126953125 0.7610677083333334 0.0225830078125 0.0296630859375
0 0.485595703125 0.7545572916666666 0.021484375 0.027364095052083332
0 0.67919921875 0.6236979166666666 0.0233306884765625 0.032063802083333336
0 0.6875 0.53125 0.023773193359375 0.033772786458333336
0 0.591796875 0.7513020833333334 0.0232391357421875 0.031880696614583336
0 0.64404296875 0.7291666666666666 0.0192413330078125 0.029215494791666668
0 0.59033203125 0.728515625 0.023773193359375 0.029378255208333332
2 0.287353515625 0.2630208333333333 0.063720703125 0.11263020833333333