2 0.3751953125 0.38671875 0.183203125 0.4973958333333333
0 0.53468359375 0.32957291666666666 0.04631640625000007 0.058473958333333326
0 0.51513671875 0.2884114583333333 0.04083203125000008 0.05879687500000002
0 0.57373046875 0.3336614583333333 0.039488281250000055 0.05224479166666664
0 0.5615234375 0.2836927083333334 0.04132031250000008 0.05529687500000001
0 0.60986328125 0.33301041666666664 0.03823828124999995 0.051963541666666654
0 0.51513671875 0.23844270833333334 0.03854296875000003 0.05176041666666666
0 0.57958984375 0.38509375 0.04312109374999995 0.053953124999999956
0 0.60009765625 0.2858072916666667 0.03860546874999997 0.05314062499999998
0 0.501953125 0.20149999999999998 0.03683593750000007 0.05383333333333334
0 0.595703125 0.4322916666666667 0.04132031250000008 0.054567708333333326
0 0.64208984375 0.329265625 0.03396484374999993 0.04858333333333332
0 0.58642578125 0.23600520833333333 0.040773437500000044 0.05517708333333336
0 0.6171875 0.3824895833333333 0.03781250000000007 0.05053645833333332
0 0.6708984375 0.329265625 0.031312499999999945 0.043703125000000044
0 0.63427734375 0.4772135416666667 0.03402734375000005 0.047203125000000054
0 0.63330078125 0.2838541666666667 0.035218749999999945 0.05053645833333332
0 0.6630859375 0.286296875 0.030960937500000084 0.04337499999999998
0 0.6748046875 0.375328125 0.03204296875000008 0.04536979166666662
0 0.6201171875 0.23877083333333332 0.035554687499999994 0.04858333333333332
0 0.66015625 0.4661458333333333 0.03436328124999992 0.04838020833333338
0 0.64697265625 0.37890625 0.03396484374999993 0.04821874999999996
0 0.53466796875 0.18294270833333334 0.03796484375000002 0.052083333333333336
0 0.60107421875 0.47949479166666664 0.04031249999999993 0.04939583333333329
0 0.64892578125 0.24593229166666666 0.031144531250000006 0.04418750000000002
0 0.57177734375 0.18880208333333334 0.039488281250000055 0.0506197916666667
0 0.548828125 0.22216666666666668 0.03891015625000005 0.05244791666666669
0 0.65966796875 0.4215520833333333 0.03301953125000008 0.049598958333333346
0 0.60693359375 0.19986979166666666 0.03643750000000008 0.04451562500000002
0 0.51318359375 0.1519375 0.03628515624999995 0.04296875
0 0.55615234375 0.15462499999999998 0.03845312500000002 0.04280729166666668
0 0.47216796875 0.141765625 0.034242187499999945 0.041828125000000015
0 0.6396484375 0.20752083333333332 0.03283593749999998 0.04135937499999998
0 0.623046875 0.17041145833333332 0.03372265624999997 0.03871875000000002
0 0.68505859375 0.414390625 0.02914453125000005 0.043296874999999936
0 0.59765625 0.5738958333333334 0.037046875000000055 0.045656249999999926
0 0.63916015625 0.5514322916666666 0.03137109374999998 0.04512499999999999
0 0.59130859375 0.1618645833333333 0.03601171875000002 0.04247916666666664
0 0.62255859375 0.5192083333333334 0.0390625 0.04947916666666673
0 0.60546875 0.14273958333333334 0.034425781250000044 0.03863541666666666
0 0.5400390625 0.13029166666666667 0.03601171875000002 0.04528645833333333
0 0.494140625 0.10563020833333334 0.03347656249999993 0.044963541666666655
0 0.6845703125 0.4583333333333333 0.028761718750000043 0.04378124999999997
0 0.64111328125 0.5895208333333334 0.028214843750000006 0.03834895833333339
0 0.5068359375 0.12711458333333334 0.03582812499999992 0.041604166666666664
0 0.57470703125 0.13077604166666665 0.0341796875 0.03944791666666666
0 0.52783203125 0.10278125 0.034425781250000044 0.03953125000000002
0 0.6396484375 0.6422552083333334 0.026917968749999945 0.03643750000000002
0 0.58251953125 0.5188802083333334 0.037046875000000055 0.04829687500000001
0 0.6064453125 0.6770833333333334 0.026199218750000065 0.03344791666666656
0 0.68115234375 0.49446875 0.03683593750000007 0.043703125000000044
0 0.5888671875 0.639 0.028214843750000006 0.035072916666666745
0 0.5888671875 0.6624375 0.028105468749999928 0.034401041666666764
0 0.6650390625 0.5791041666666668 0.02700781249999995 0.0381249999999999
0 0.5615234375 0.103515625 0.032777343749999945 0.034015625
0 0.6474609375 0.6598333333333334 0.022371093749999994 0.027463541666666678
0 0.615234375 0.5904947916666666 0.030792968749999972 0.040281250000000074
0 0.58740234375 0.609375 0.03161718750000002 0.03778124999999998
0 0.6162109375 0.6240260416666668 0.029417968749999978 0.035276041666666674
0 0.62841796875 0.666015625 0.026199218750000065 0.029723958333333418
0 0.59423828125 0.11547916666666666 0.031496093750000044 0.03076041666666667
0 0.58447265625 0.7005208333333334 0.024886718750000016 0.0360937500000001
0 0.64453125 0.6953125 0.02595703124999993 0.0428072916666667
0 0.61474609375 0.6513697916666668 0.028015624999999923 0.03288020833333339
0 0.6640625 0.6070989583333334 0.025664062499999928 0.0325104166666667
0 0.609375 0.7063802083333334 0.023421875000000016 0.027588541666666563
0 0.5791015625 0.42676041666666664 0.02091796875000007 0.03849479166666671
0 0.56494140625 0.7180989583333334 0.023605468749999935 0.028869791666666582
0 0.6611328125 0.5367864583333334 0.038175781250000006 0.05188020833333334
0 0.62939453125 0.724609375 0.020691406249999923 0.021463541666666686
0 0.6787109375 0.6220729166666668 0.026351562500000016 0.035218749999999945
0 0.6103515625 0.73046875 0.021988281249999984 0.02325520833333338
0 0.5859375 0.4703802083333333 0.022765625000000077 0.03849479166666671
0 0.685546875 0.5680364583333334 0.023195312500000044 0.03533854166666662
0 0.5908203125 0.7317708333333334 0.023238281249999916 0.030109374999999973
0 0.68310546875 0.5986354166666668 0.022292968750000065 0.035072916666666745
0 0.65869140625 0.6334635416666666 0.020597656250000006 0.030760416666666637
0 0.66845703125 0.6458333333333334 0.01937890625000005 0.027322916666666686
0 0.5703125 0.7408854166666666 0.022246093749999928 0.027260416666666742
0 0.57666015625 0.5924479166666666 0.020339843750000065 0.03930729166666656
0 0.35278515625 0.322265625 0.03210546875000002 0.06079166666666668
0 0.5498046875 0.74609375 0.024140625000000072 0.030703124999999904
0 0.47436718750000006 0.19319791666666666 0.028441406249999978 0.03778124999999998
0 0.32177734375 0.344078125 0.03582812500000001 0.05176041666666661
0 0.31665234375 0.297203125 0.03515625 0.05118749999999998
0 0.6875 0.5319010416666666 0.02475000000000005 0.03706770833333337
0 0.56396484375 0.703125 0.022886718750000055 0.028156249999999973
0 0.31372265625 0.255859375 0.03469921874999997 0.050130208333333336
2 0.396484375 0.779296875 0.18896484375 0.16170312500000014
0 0.34765625 0.27051041666666664 0.02948046875000001 0.05383333333333331
0 0.3369140625 0.396484375 0.054597656249999994 0.056968750000000054
0 0.3466796875 0.44629166666666664 0.05270312500000003 0.059895833333333336
0 0.5849609375 0.56478125 0.020492187500000016 0.029947916666666668
0 0.3464375 0.22867708333333334 0.026960937499999994 0.04435416666666665
2 0.41000781249999996 0.6202552083333334 0.13239453124999997 0.0778072916666666
0 0.36669921875 0.5035989583333333 0.07448437499999998 0.04604687500000004
0 0.37907421874999997 0.5686510416666667 0.06206249999999995 0.07305208333333339
0 0.2780234375 0.2635416666666667 0.049734374999999977 0.08118229166666664
0 0.51168359375 0.685796875 0.03295312500000005 0.08269791666666677
0 0.5425 0.691734375 0.028503906249999923 0.07418750000000003