2 0.36832298136645963 0.38125 0.17515527950310558 0.45795454545454545
2 0.4201863354037267 0.6573863636363636 0.19440993788819877 0.12613636363636363
0 0.510248447204969 0.30568181818181817 0.05403726708074534 0.056818181818181816
0 0.5248841483331712 0.4499786433596201 0.05478136418535058 0.0909444365369401
0 0.53466796875 0.33723310990767047 0.043121337890625 0.0569778789173473
0 0.576171875 0.33857310901988635 0.040374755859375 0.05580537969415838
0 0.5498046875 0.24276317249644885 0.04046630859375 0.05454913052645596
0 0.54345703125 0.39016307484019885 0.043853759765625 0.05784329501065341
0 0.6123046875 0.3387964422052557 0.03802490234375 0.05611246282404119
0 0.50927734375 0.2557164972478693 0.039947509765625 0.053432464599609375
0 0.60107421875 0.2887698086825284 0.0379638671875 0.05281829833984375
0 0.56103515625 0.44018970836292615 0.040252685546875 0.0560287128795277
0 0.583984375 0.3915030739524148 0.03912353515625 0.05708954551003196
0 0.56103515625 0.2889931418678977 0.0416259765625 0.05538662997159091
0 0.49755859375 0.21841985529119318 0.04052734375 0.05884829434481534
0 0.5703125 0.4873130104758523 0.03875732421875 0.05496788024902344
0 0.6357421875 0.28809980912642047 0.035491943359375 0.05133871598677202
0 0.58984375 0.2420931729403409 0.03802490234375 0.04913330078125
0 0.5693359375 0.5346596457741477 0.0379638671875 0.05231579867276279
0 0.599609375 0.43929637562144885 0.037689208984375 0.05558204650878906
0 0.57275390625 0.2031215320933949 0.037750244140625 0.05036163330078125
0 0.6064453125 0.2027865323153409 0.035736083984375 0.05036163330078125
0 0.6328125 0.43661637739701703 0.035003662109375 0.054856213656338776
0 0.483642578125 0.1842498779296875 0.03790283203125 0.05686621232466264
0 0.650390625 0.38502641157670453 0.035064697265625 0.053627881136807526
0 0.580078125 0.5761996182528409 0.03515625 0.048965800892223015
0 0.60546875 0.4877596768465909 0.036224365234375 0.0530137148770419
0 0.62353515625 0.24276317249644885 0.034820556640625 0.04776538502086292
0 0.517578125 0.1653782237659801 0.03839111328125 0.048965800892223015
0 0.6640625 0.4276830499822443 0.0333251953125 0.05332079800692471
0 0.65283203125 0.2508031671697443 0.03240966796875 0.045029553500088776
0 0.5537109375 0.16303322531960227 0.0364990234375 0.04486205361106179
0 0.63818359375 0.4850796786221591 0.033905029296875 0.05223204872824929
0 0.47509765625 0.15242489901455966 0.03704833984375 0.053823297674005684
0 0.60986328125 0.5699462890625 0.034423828125 0.04695580222389915
0 0.6435546875 0.33477644486860797 0.033660888671875 0.05105954950506037
0 0.53564453125 0.20178153298117898 0.038970947265625 0.050277883356267754
0 0.6064453125 0.5337663130326704 0.034759521484375 0.04952413385564631
0 0.6630859375 0.4730196866122159 0.0333251953125 0.0496078838001598
0 0.66455078125 0.2921198064630682 0.029876708984375 0.04804455150257458
0 0.67236328125 0.3354464444247159 0.030670166015625 0.04642538590864702
0 0.640625 0.2099331942471591 0.0333251953125 0.04226580533114346
0 0.6396484375 0.5677129572088068 0.032470703125 0.046760385686700996
0 0.63671875 0.5301929820667614 0.03173828125 0.04804455150257458
0 0.59033203125 0.1678348888050426 0.034942626953125 0.04357788779518821
0 0.6064453125 0.14672990278764206 0.034088134765625 0.0432708046653054
2 0.56494140625 0.7544195001775568 0.1331787109375 0.09190160577947443
0 0.62451171875 0.17665654962713068 0.03289794921875 0.04212622209028764
0 0.6162109375 0.6056795987215909 0.030914306640625 0.04461080377752131
0 0.5439453125 0.5681596235795454 0.038177490234375 0.06225412542169744
0 0.66796875 0.5132196599786932 0.0305023193359375 0.04703955216841264
0 0.54248046875 0.13310657848011365 0.035675048828125 0.04357788779518821
0 0.5078125 0.1318782459605824 0.03643798828125 0.04642538590864702
0 0.5751953125 0.1345582441850142 0.033660888671875 0.042433305220170456
0 0.471923828125 0.11870158802379262 0.03515625 0.04022789001464844
0 0.52880859375 0.10329159823330966 0.03277587890625 0.03763164173473011
0 0.642578125 0.5922796075994318 0.030792236328125 0.04285205494273792
0 0.68896484375 0.4209830544211648 0.0284881591796875 0.048323717984286224
0 0.68896484375 0.46229969371448865 0.0280609130859375 0.04452705383300781
0 0.59521484375 0.11825492165305397 0.03131103515625 0.03341622786088423
0 0.6767578125 0.38122974742542615 0.0316162109375 0.04687205227938565
0 0.5615234375 0.10518993030894887 0.030670166015625 0.0333603945645419
0 0.5908203125 0.6396262428977273 0.0321044921875 0.038636641068892044
2 0.272216796875 0.5351063121448864 0.06671142578125 0.16660655628551135
0 0.66943359375 0.5520796342329546 0.02801513671875 0.04486205361106179
0 0.69140625 0.5038396661931818 0.0261993408203125 0.04382913762872869
0 0.494384765625 0.10424076427112926 0.0330810546875 0.03858080777254971
0 0.587890625 0.6083595969460227 0.0316162109375 0.04170747236772017
0 0.61767578125 0.6347129128196023 0.0269622802734375 0.03712914206764915
0 0.60302734375 0.6883128773082386 0.026458740234375 0.03492372686212713
0 0.64306640625 0.6217595880681818 0.0287017822265625 0.039306640625
2 0.37353515625 0.7776461514559659 0.1800537109375 0.15767322887073865
0 0.438720703125 0.14460823752663352 0.035064697265625 0.0589599609375
0 0.62109375 0.692779541015625 0.0252685546875 0.03252289511940696
0 0.638671875 0.6498995694247159 0.0257568359375 0.03763164173473011
0 0.62158203125 0.663299560546875 0.025909423828125 0.0329695614901456
0 0.6865234375 0.6052329323508523 0.023284912109375 0.03592872619628906
0 0.671875 0.6548128995028409 0.0207672119140625 0.03070831298828125
0 0.68896484375 0.5744129527698864 0.0232391357421875 0.040702473033558235
0 0.66796875 0.5891529430042614 0.0252227783203125 0.040702473033558235
0 0.66650390625 0.6119329279119318 0.0251312255859375 0.037994558160955254
0 0.69189453125 0.5382329767400568 0.023468017578125 0.04084205627441406
0 0.64892578125 0.6766995516690341 0.023468017578125 0.037854974920099434
0 0.68359375 0.6257795854048296 0.0215301513671875 0.03601247614080256
2 0.2081298828125 0.5712862881747159 0.05450439453125 0.15767322887073865
2 0.339111328125 0.20814652876420456 0.10760498046875 0.12428491765802557
2 0.272216796875 0.7392328435724432 0.050048828125 0.10384993119673296
0 0.6806640625 0.7133261940696023 0.028167724609375 0.04433163729580966
2 0.5634765625 0.7218128551136364 0.09222412109375 0.0505570498379794
2 0.270263671875 0.28675981001420453 0.027801513671875 0.06588328968394887