0 0.5013089005235603 0.30772811918063314 0.042408376963350786 0.056797020484171325
2 0.3960732984293194 0.5786778398510242 0.13769633507853404 0.09031657355679702
2 0.44091796875 0.6894767661778398 0.1202392578125 0.11169263104486732
2 0.29052734375 0.2648493875116387 0.0709228515625 0.11603442428276303
0 0.53076171875 0.33865987255586594 0.04302978515625 0.058505663880644786
0 0.5068359375 0.25703415968342647 0.040313720703125 0.053431193033854164
0 0.54052734375 0.3911955707344041 0.04486083984375 0.056551856923591715
0 0.572265625 0.3410478588367086 0.040252685546875 0.055276455159959846
0 0.55810546875 0.29263686423417135 0.042083740234375 0.058505663880644786
0 0.54638671875 0.24639676625058193 0.040252685546875 0.05644331209264432
0 0.494873046875 0.21991182749941807 0.04132080078125 0.05774585006401303
0 0.60791015625 0.3397453208653399 0.038238525390625 0.052834196463643505
0 0.61572265625 0.39011012242493015 0.036163330078125 0.052535698178538176
0 0.59814453125 0.29090014693901306 0.038543701171875 0.05172161194643273
0 0.59619140625 0.43982365499883613 0.038604736328125 0.05413673443501222
0 0.58544921875 0.24509422827921323 0.038116455078125 0.05047334639053771
0 0.55517578125 0.44134328263209965 0.043212890625 0.05476086721295973
0 0.64013671875 0.3373573345844972 0.033843994140625 0.05028339293637977
0 0.48193359375 0.18485184710341016 0.039947509765625 0.05153165849227479
0 0.56982421875 0.20449846150488826 0.038238525390625 0.04944217049653748
0 0.62890625 0.437869848041783 0.03436279296875 0.05212865506248545
0 0.6484375 0.3835974325680866 0.033721923828125 0.05085325329885358
0 0.61962890625 0.24769930422195066 0.035491943359375 0.04767831699364234
0 0.60009765625 0.487583380615689 0.037811279296875 0.05123316020716946
0 0.63330078125 0.4867150219681099 0.0333251953125 0.04933362566559008
0 0.53271484375 0.20373864768825653 0.038238525390625 0.05172161194643273
0 0.62939453125 0.29220268491038176 0.03302001953125 0.04879090151085312
0 0.66015625 0.29393940220554005 0.03271484375 0.046972775592484285
0 0.603515625 0.2026531993787826 0.035491943359375 0.048872310134063665
0 0.51513671875 0.16781030864466945 0.03839111328125 0.048682356679905725
0 0.65771484375 0.42853499258030725 0.03155517578125 0.04925221704237954
0 0.55078125 0.1669419499970903 0.036773681640625 0.0444491082729574
0 0.65966796875 0.4736896422544227 0.0313720703125 0.048139632525168764
0 0.47412109375 0.1518542184954027 0.036346435546875 0.043933520325957286
0 0.63427734375 0.2147016756139432 0.03424072265625 0.04317370650932553
0 0.66845703125 0.3384427828939711 0.03167724609375 0.04732554629306331
0 0.64892578125 0.25247527678363596 0.03155517578125 0.04425915481879947
0 0.60546875 0.6039434393912942 0.03192138671875 0.0429294806396939
0 0.63818359375 0.52709369908054 0.03167724609375 0.04588732728301036
0 0.6005859375 0.5301329543470671 0.03594970703125 0.04963212395069541
0 0.5859375 0.16802739830656424 0.035003662109375 0.04102994609811453
0 0.63037109375 0.6256524055807728 0.0301513671875 0.0406229029820618
0 0.603515625 0.5718141694308659 0.03460693359375 0.04401492894916783
0 0.50439453125 0.1349212248676094 0.03662109375 0.043689294456325654
0 0.463623046875 0.12146166583013268 0.034027099609375 0.046972775592484285
0 0.6748046875 0.38338034290619183 0.029815673828125 0.04651146006095787
0 0.6650390625 0.514936678014432 0.0299224853515625 0.04651146006095787
0 0.6337890625 0.5674723761929702 0.0303802490234375 0.04284807201648336
0 0.53857421875 0.13633230766992552 0.0345458984375 0.040704311605272346
0 0.63330078125 0.599167466829609 0.027374267578125 0.04078572022848289
0 0.685546875 0.4246273786662011 0.028594970703125 0.04721700146211592
0 0.493408203125 0.10963027925686686 0.03253173828125 0.0429294806396939
0 0.603515625 0.14653552177898044 0.0341796875 0.03799069083158752
0 0.5263671875 0.10566839292728701 0.0328369140625 0.03720374080721892
0 0.572265625 0.1366579421627677 0.03436279296875 0.041491261629640945
0 0.59228515625 0.12167875549202747 0.03228759765625 0.03468007348769204
0 0.55859375 0.10783928954623487 0.0310821533203125 0.032183542375902
0 0.6845703125 0.472387104283054 0.026763916015625 0.043689294456325654
0 0.61865234375 0.17844770207751395 0.033843994140625 0.03858768740179819
0 0.6591796875 0.5540128171554934 0.0265045166015625 0.04094853747490398
0 0.58056640625 0.39206392938198326 0.03875732421875 0.054245279265959616
2 0.49853515625 0.751130230155959 0.0755615234375 0.07771809895833333
0 0.65869140625 0.5857079077921322 0.027008056640625 0.039184683972008846
0 0.6865234375 0.5140683193668529 0.0258636474609375 0.04094853747490398
0 0.66015625 0.6126270258670856 0.0240020751953125 0.03248204066100733
0 0.6826171875 0.5501052032413873 0.02532958984375 0.03858768740179819
0 0.58740234375 0.5197126505761173 0.0224151611328125 0.038072099454798065
2 0.348388671875 0.7806544241736499 0.11279296875 0.09427118567781076
0 0.681640625 0.580931935230447 0.0230255126953125 0.036009747666797605
0 0.6240234375 0.7272503673475326 0.0258636474609375 0.04537173933601024
0 0.6806640625 0.60828523262919 0.0224609375 0.03617256491321869
0 0.58740234375 0.7537353060986964 0.0224151611328125 0.03986308916543005
0 0.5693359375 0.7611163546031192 0.0204925537109375 0.039184683972008846
0 0.6435546875 0.7216060361382681 0.023773193359375 0.04401492894916783
0 0.60498046875 0.7485251542132216 0.0221099853515625 0.0391032753487983
0 0.583984375 0.478465614816108 0.0200653076171875 0.039483182257114176
2 0.349853515625 0.5726825280784451 0.04595947265625 0.07641556098696461
0 0.58642578125 0.5540128171554934 0.0143890380859375 0.02963273884863827
2 0.2103271484375 0.5818002938780261 0.05108642578125 0.16162325328066807
2 0.236328125 0.3998791572101955 0.06097412109375 0.165747956856669
0 0.59033203125 0.5865762664397114 0.01287078857421875 0.027543250852900953
2 0.56787109375 0.824072356552607 0.1949462890625 0.1719350122206704
2 0.428466796875 0.8062710042772346 0.1304931640625 0.15825836352129888
2 0.2724609375 0.2904659676152235 0.0341796875 0.06724352277190991