0 0.43850931677018634 0.1431818181818182 0.03354037267080745 0.05454545454545454
2 0.3628652384637697 0.373016920662091 0.15838048852341352 0.45647758950663797
2 0.43045833481489304 0.6590724260515063 0.23330706321880895 0.12580546379089078
2 0.5220496894409938 0.4460227272727273 0.04161490683229813 0.05795454545454545
2 0.53173828125 0.4989263361150568 0.038604736328125 0.05611246282404119
0 0.50390625 0.30395646528764203 0.042877197265625 0.057173295454545456
0 0.53466796875 0.3374564430930398 0.043365478515625 0.05708954551003196
2 0.5703125 0.4873130104758523 0.038970947265625 0.055498296564275566
2 0.54345703125 0.39016307484019885 0.044281005859375 0.05773162841796875
2 0.56103515625 0.44018970836292615 0.04010009765625 0.05580537969415838
0 0.576171875 0.33857310901988635 0.04052734375 0.05644746260209517
2 0.59912109375 0.4388497092507102 0.0374755859375 0.05516329678622159
2 0.583984375 0.39127974076704547 0.0390625 0.05686621232466264
0 0.56103515625 0.28921647505326703 0.042236328125 0.056335796009410515
0 0.5693359375 0.5346596457741477 0.038177490234375 0.05251121520996094
2 0.6123046875 0.3387964422052557 0.037811279296875 0.05611246282404119
2 0.63232421875 0.4361697110262784 0.034942626953125 0.054660797119140625
2 0.580078125 0.5761996182528409 0.03521728515625 0.048965800892223015
0 0.6015625 0.2885464754971591 0.03802490234375 0.05281829833984375
0 0.50927734375 0.2557164972478693 0.0401611328125 0.05270663174715909
2 0.66357421875 0.4276830499822443 0.033477783203125 0.05332079800692471
0 0.60546875 0.48820634321732953 0.036285400390625 0.05332079800692471
0 0.497802734375 0.21841985529119318 0.040985107421875 0.058736627752130684
2 0.650390625 0.38502641157670453 0.03515625 0.05373954772949219
0 0.63525390625 0.28809980912642047 0.035400390625 0.05105954950506037
0 0.5498046875 0.24298650568181818 0.040679931640625 0.05496788024902344
0 0.6376953125 0.4850796786221591 0.034759521484375 0.05153413252397017
2 0.609375 0.5699462890625 0.034027099609375 0.04687205227938565
2 0.66357421875 0.4730196866122159 0.03240966796875 0.04932871731844815
0 0.6064453125 0.20245153253728693 0.0364990234375 0.05047329989346591
0 0.58984375 0.2420931729403409 0.0379638671875 0.04885413429953835
0 0.6064453125 0.5337663130326704 0.03460693359375 0.04924496737393466
2 0.63916015625 0.5672662908380682 0.03228759765625 0.04687205227938565
0 0.57275390625 0.2031215320933949 0.037811279296875 0.0496078838001598
0 0.67236328125 0.3356697776100852 0.030914306640625 0.04776538502086292
0 0.62353515625 0.24298650568181818 0.034881591796875 0.04776538502086292
0 0.65234375 0.24990983442826706 0.03173828125 0.04408038746226917
0 0.66455078125 0.2923431396484375 0.029876708984375 0.048574967817826706
0 0.64013671875 0.2095981944691051 0.03302001953125 0.04187497225674716
0 0.54443359375 0.5686062899502841 0.038116455078125 0.06191912564364346
0 0.517578125 0.1657132235440341 0.0390625 0.04821205139160156
0 0.47509765625 0.15130823308771307 0.036834716796875 0.0526228818026456
2 0.6162109375 0.6056795987215909 0.0306243896484375 0.04494580355557529
0 0.63671875 0.5292996493252841 0.0313720703125 0.04784913496537642
0 0.5537109375 0.16303322531960227 0.03656005859375 0.04433163729580966
0 0.642578125 0.3349997780539773 0.033660888671875 0.05223204872824929
2 0.66796875 0.5127729936079546 0.029876708984375 0.0466766357421875
0 0.48388671875 0.18581321022727273 0.038177490234375 0.05773162841796875
2 0.689453125 0.4209830544211648 0.0284423828125 0.04804455150257458
0 0.58984375 0.16694155606356534 0.034759521484375 0.04268455505371094
2 0.56298828125 0.7553128329190341 0.134033203125 0.09363243796608665
0 0.6064453125 0.14672990278764206 0.034088134765625 0.04335455460981889
0 0.62451171875 0.1768798828125 0.033599853515625 0.0431870547207919
0 0.64208984375 0.5931729403409091 0.03021240234375 0.04251705516468395
0 0.6767578125 0.38122974742542615 0.0313720703125 0.04687205227938565
0 0.471923828125 0.11870158802379262 0.03515625 0.039474140514026985
0 0.68896484375 0.46229969371448865 0.0280609130859375 0.04452705383300781
0 0.529296875 0.10329159823330966 0.033660888671875 0.03671039234508167
0 0.5068359375 0.13243657892400568 0.035552978515625 0.04634163596413352
0 0.54248046875 0.13388824462890625 0.036163330078125 0.0432708046653054
0 0.5751953125 0.13478157737038352 0.033905029296875 0.043410387906161224
2 0.272705078125 0.535552978515625 0.06634521484375 0.1678348888050426
0 0.6689453125 0.5516329678622159 0.0279083251953125 0.04441538724032315
0 0.494384765625 0.10424076427112926 0.033203125 0.03768747503107244
0 0.59521484375 0.11870158802379262 0.03173828125 0.03444914384321733
0 0.69140625 0.5038396661931818 0.025909423828125 0.04382913762872869
0 0.5908203125 0.6400729092684659 0.03167724609375 0.038636641068892044
0 0.5615234375 0.10535743019797585 0.0310821533203125 0.03327664462002841
0 0.58837890625 0.6083595969460227 0.03167724609375 0.04204247214577415
0 0.6171875 0.6342662464488636 0.0265045166015625 0.03615205938165838
0 0.64306640625 0.6235462535511364 0.0282135009765625 0.037994558160955254
2 0.37158203125 0.7722861550071023 0.178955078125 0.1657132235440341
0 0.68896484375 0.5739662863991477 0.0231475830078125 0.040618723089044746
2 0.68701171875 0.6047862659801136 0.02288818359375 0.03587289289994673
0 0.69140625 0.5377863103693182 0.0232391357421875 0.04053497314453125
0 0.66650390625 0.5828996138139204 0.0273284912109375 0.03721289201216264
0 0.68359375 0.6271195845170454 0.0219879150390625 0.035454143177379265
0 0.6640625 0.6431995738636364 0.0243377685546875 0.035202893343838776
0 0.671875 0.6552595658735796 0.0209197998046875 0.030819979580965908
2 0.66650390625 0.6119329279119318 0.0239105224609375 0.036431225863370026
0 0.65087890625 0.6691062233664773 0.021820068359375 0.03179706226695667
0 0.6806640625 0.712432861328125 0.028167724609375 0.04589496959339489
2 0.2091064453125 0.5712862881747159 0.054901123046875 0.1596832275390625
2 0.27197265625 0.27827314897017047 0.03253173828125 0.07995328036221591
2 0.33740234375 0.20635986328125 0.10467529296875 0.12115825306285512
2 0.27197265625 0.7396795099431818 0.052825927734375 0.10306826504794034
2 0.2379150390625 0.39730973677201703 0.05889892578125 0.1801182140003551