2 0.39659685863874344 0.5679702048417132 0.13979057591623037 0.11731843575418995
0 0.5010471204188481 0.3058659217877095 0.041884816753926704 0.05493482309124767
0 0.53076171875 0.3388769622177607 0.04327392578125 0.05785439489496043
0 0.54052734375 0.3911955707344041 0.044677734375 0.05622622243074953
0 0.5068359375 0.257468339007216 0.040618896484375 0.0544623689278544
0 0.580078125 0.3931493776914572 0.0391845703125 0.055276455159959846
0 0.572265625 0.3410478588367086 0.040374755859375 0.05505936549806506
0 0.55810546875 0.2928539538960661 0.04168701171875 0.058397119049697396
0 0.54638671875 0.24683094557437152 0.04052734375 0.05742021557117086
0 0.60791015625 0.33996241052723464 0.038238525390625 0.05321410337195938
0 0.59619140625 0.43938947567504655 0.038604736328125 0.053946780980854286
0 0.55517578125 0.44134328263209965 0.04302978515625 0.054652322382012335
0 0.59765625 0.29090014693901306 0.038543701171875 0.05172161194643273
0 0.61572265625 0.39011012242493015 0.03607177734375 0.05231860851664339
0 0.58544921875 0.24487713861731844 0.0379638671875 0.04963212395069541
0 0.5693359375 0.2040642821810987 0.038116455078125 0.04879090151085312
0 0.6396484375 0.3371402449226024 0.033721923828125 0.05017484810543238
0 0.62890625 0.437869848041783 0.03436279296875 0.05231860851664339
0 0.61962890625 0.24704803523626628 0.035614013671875 0.04705418421569483
0 0.482177734375 0.18615438507477886 0.04010009765625 0.052535698178538176
0 0.599609375 0.487583380615689 0.037750244140625 0.050581891221485105
0 0.53271484375 0.20373864768825653 0.03802490234375 0.05115175158395892
0 0.64892578125 0.38381452222998136 0.034088134765625 0.05077184467564304
0 0.494873046875 0.22164854479457635 0.039337158203125 0.05644331209264432
0 0.63330078125 0.4867150219681099 0.0333251953125 0.04963212395069541
0 0.5146484375 0.1671590396589851 0.038238525390625 0.0475969083704318
0 0.47412109375 0.1516371288335079 0.036163330078125 0.04352647720990456
0 0.60400390625 0.20308737870257215 0.035675048828125 0.04841099460253724
0 0.55078125 0.16661631550424813 0.036712646484375 0.04409633757237837
0 0.65966796875 0.4741238215782123 0.0316162109375 0.04849240322574779
0 0.62939453125 0.2917685055865922 0.032958984375 0.0490622635882216
0 0.66015625 0.29393940220554005 0.03271484375 0.04651146006095787
0 0.65771484375 0.42853499258030725 0.03179931640625 0.04895371875727421
0 0.64892578125 0.25247527678363596 0.0316162109375 0.04417774619558892
0 0.60546875 0.6043776187150838 0.03179931640625 0.04181689612248313
0 0.6337890625 0.2145931307829958 0.033721923828125 0.043010889262904445
0 0.5859375 0.1686786672922486 0.03521728515625 0.04165407887606203
0 0.60107421875 0.5314354923184358 0.035888671875 0.05017484810543238
0 0.66845703125 0.3380086035701816 0.03179931640625 0.04705418421569483
0 0.50439453125 0.13470413520571461 0.036224365234375 0.042766663393272814
0 0.63037109375 0.6260865849045624 0.0302734375 0.03970027191900896
0 0.60498046875 0.5705116314594972 0.033782958984375 0.043933520325957286
0 0.463623046875 0.12081039684444832 0.034027099609375 0.045453147959220785
0 0.6376953125 0.52709369908054 0.03179931640625 0.04651146006095787
0 0.603515625 0.14675261144087523 0.0343017578125 0.03799069083158752
0 0.66455078125 0.5153708573382216 0.0304412841796875 0.04651146006095787
0 0.63330078125 0.5679065555167597 0.03021240234375 0.042766663393272814
0 0.53857421875 0.13611521800803073 0.03436279296875 0.04024299607374593
0 0.6748046875 0.38338034290619183 0.0299224853515625 0.04634864281453678
0 0.5263671875 0.10550557568086592 0.0330810546875 0.037285149430429466
0 0.63330078125 0.5996016461533985 0.0271148681640625 0.04078572022848289
0 0.55859375 0.10805637920812966 0.03131103515625 0.032292087206849396
0 0.493408203125 0.10984736891876164 0.03228759765625 0.04235962027722009
0 0.59228515625 0.1212445761682379 0.0321044921875 0.033811714840112896
0 0.685546875 0.4246273786662011 0.0289764404296875 0.04740695491627386
0 0.61865234375 0.17812206758467178 0.033660888671875 0.038072099454798065
0 0.57275390625 0.13611521800803073 0.034881591796875 0.03970027191900896
0 0.68505859375 0.472387104283054 0.027008056640625 0.04434056344201001
0 0.6591796875 0.5544469964792831 0.02630615234375 0.041247035760009314
0 0.65869140625 0.5857079077921322 0.02655029296875 0.03872336844048242
0 0.66064453125 0.6126270258670856 0.0247955322265625 0.03316044585442854
0 0.68701171875 0.5136341400430633 0.0260009765625 0.040704311605272346
0 0.68212890625 0.5501052032413873 0.025177001953125 0.03820778049348231
0 0.587890625 0.5205810092236964 0.023193359375 0.03820778049348231
0 0.6240234375 0.7272503673475326 0.0257568359375 0.04537173933601024
0 0.68115234375 0.6074168739816108 0.022247314453125 0.0337574424246392
0 0.58740234375 0.7541694854224861 0.0222930908203125 0.03994449778864059
2 0.44189453125 0.693384380091946 0.12274169921875 0.11625151394465782
0 0.681640625 0.580931935230447 0.022674560546875 0.03514138901921846
0 0.60498046875 0.748090974889432 0.0217742919921875 0.03858768740179819
0 0.5693359375 0.7611163546031192 0.020172119140625 0.03880477706369297
2 0.354248046875 0.7832595001163873 0.1240234375 0.09709335128244297
0 0.64306640625 0.7216060361382681 0.023284912109375 0.043689294456325654
0 0.58447265625 0.478465614816108 0.020294189453125 0.039483182257114176
0 0.58642578125 0.5540128171554934 0.01473236083984375 0.03020259921111208
2 0.2078857421875 0.5800635765828678 0.050811767578125 0.16335997057582635
0 0.5908203125 0.584839549144553 0.01358795166015625 0.028737243993322278
2 0.2880859375 0.2657177461592179 0.06842041015625 0.11212681036865689
2 0.2379150390625 0.399444977886406 0.061309814453125 0.1669419499970903