2 0.3869565217391304 0.38238636363636364 0.20993788819875778 0.4602272727272727
0 0.5114906832298136 0.30568181818181817 0.05652173913043478 0.056818181818181816
2 0.4421617985405899 0.6513422481537845 0.2439599234593178 0.12838016403134703
0 0.53466796875 0.33723310990767047 0.043212890625 0.05664287913929333
0 0.576171875 0.3387964422052557 0.04052734375 0.05580537969415838
0 0.509765625 0.2552698308771307 0.040008544921875 0.0526228818026456
0 0.56103515625 0.2889931418678977 0.042327880859375 0.055693713101473724
0 0.5498046875 0.2432098388671875 0.040374755859375 0.05435371398925781
0 0.6123046875 0.339019775390625 0.037811279296875 0.055498296564275566
0 0.6015625 0.2885464754971591 0.038116455078125 0.05223204872824929
0 0.583984375 0.3915030739524148 0.0386962890625 0.05611246282404119
0 0.498046875 0.21841985529119318 0.040771484375 0.05851329456676136
0 0.6357421875 0.28787647594105115 0.03515625 0.05075246637517756
0 0.599609375 0.43929637562144885 0.037689208984375 0.05527496337890625
0 0.58984375 0.2420931729403409 0.038116455078125 0.048965800892223015
0 0.6064453125 0.20245153253728693 0.03594970703125 0.050277883356267754
0 0.580078125 0.5757529518821023 0.034820556640625 0.048323717984286224
0 0.57275390625 0.2031215320933949 0.037750244140625 0.0505570498379794
0 0.63232421875 0.43661637739701703 0.034820556640625 0.05443746393377131
0 0.650390625 0.38502641157670453 0.03515625 0.05373954772949219
0 0.517578125 0.1662715565074574 0.038543701171875 0.04924496737393466
0 0.60546875 0.4873130104758523 0.036224365234375 0.05251121520996094
0 0.62353515625 0.2432098388671875 0.034698486328125 0.04740246859463779
0 0.6640625 0.4276830499822443 0.0333251953125 0.05312538146972656
0 0.60986328125 0.5699462890625 0.03436279296875 0.046509135853160515
0 0.6376953125 0.48463301225142047 0.033843994140625 0.05192496559836648
0 0.5537109375 0.16303322531960227 0.036285400390625 0.0446945537220348
0 0.47509765625 0.1515315662730824 0.0369873046875 0.0526228818026456
0 0.65283203125 0.250579833984375 0.0322265625 0.04452705383300781
0 0.66259765625 0.4730196866122159 0.034027099609375 0.04913330078125
0 0.483642578125 0.1829098788174716 0.037750244140625 0.053432464599609375
0 0.63916015625 0.5668196244673296 0.03240966796875 0.04614621942693537
0 0.6064453125 0.5337663130326704 0.0345458984375 0.04941246726296165
0 0.6650390625 0.2921198064630682 0.0300445556640625 0.04756996848366477
0 0.67236328125 0.3354464444247159 0.030792236328125 0.0466766357421875
0 0.640625 0.2099331942471591 0.03302001953125 0.04156788912686435
0 0.64306640625 0.33455311168323865 0.033660888671875 0.05075246637517756
0 0.58984375 0.1678348888050426 0.034881591796875 0.0437453876842152
0 0.63671875 0.5297463156960227 0.0311431884765625 0.04756996848366477
0 0.6064453125 0.14706490256569602 0.034088134765625 0.04349413785067471
0 0.625 0.17721488259055398 0.0330810546875 0.04285205494273792
0 0.6162109375 0.6061262650923296 0.030853271484375 0.043996637517755684
0 0.619140625 0.3892697420987216 0.036346435546875 0.05496788024902344
0 0.6767578125 0.38122974742542615 0.0318603515625 0.04695580222389915
0 0.66796875 0.5132196599786932 0.029754638671875 0.0457274697043679
0 0.54248046875 0.13310657848011365 0.035675048828125 0.04357788779518821
0 0.5078125 0.1318782459605824 0.03582763671875 0.046509135853160515
0 0.689453125 0.4209830544211648 0.028167724609375 0.04821205139160156
0 0.471923828125 0.11870158802379262 0.0352783203125 0.04000455682927912
0 0.5751953125 0.1345582441850142 0.033538818359375 0.04268455505371094
0 0.52880859375 0.10362659801136363 0.033599853515625 0.03763164173473011
2 0.5634765625 0.7548661665482954 0.134765625 0.09346493807705966
0 0.642578125 0.5931729403409091 0.0304412841796875 0.04165163907137784
0 0.3759765625 0.6798262162642046 0.0265045166015625 0.03768747503107244
0 0.689453125 0.4631930264559659 0.0279541015625 0.0446945537220348
0 0.59521484375 0.1184782548384233 0.03228759765625 0.034393310546875
0 0.56103515625 0.10535743019797585 0.0311431884765625 0.033723310990767044
0 0.36474609375 0.6498995694247159 0.02685546875 0.031908728859641335
0 0.66943359375 0.5520796342329546 0.0279083251953125 0.04461080377752131
0 0.494873046875 0.10424076427112926 0.033905029296875 0.03735247525301846
0 0.69140625 0.5033929998224432 0.0258636474609375 0.04310330477627841
2 0.27197265625 0.5351063121448864 0.06695556640625 0.16694155606356534
0 0.64306640625 0.6226529208096591 0.0284423828125 0.03880414095791904
0 0.5888671875 0.6083595969460227 0.0301513671875 0.04170747236772017
2 0.376220703125 0.7847928133877841 0.16943359375 0.13824324174360794
0 0.6669921875 0.5828996138139204 0.0272216796875 0.03768747503107244
0 0.43896484375 0.14516657049005682 0.035003662109375 0.059964960271661934
0 0.689453125 0.5744129527698864 0.02288818359375 0.03983705694025213
0 0.6865234375 0.6047862659801136 0.023193359375 0.035593726418235085
0 0.66650390625 0.6119329279119318 0.02484130859375 0.03671039234508167
0 0.69140625 0.5377863103693182 0.0230255126953125 0.0397812236439098
0 0.68359375 0.6262262517755682 0.0217437744140625 0.03497956015846946
2 0.2083740234375 0.5690529563210227 0.056243896484375 0.15823156183416193
2 0.339599609375 0.2052431973544034 0.10760498046875 0.12048825350674716
2 0.27294921875 0.2789431485262784 0.033966064453125 0.0814607793634588
2 0.272216796875 0.7383395108309659 0.051666259765625 0.10345909812233665
0 0.6806640625 0.7142195268110796 0.028656005859375 0.04494580355557529