0 0.5013089005235603 0.30679702048417135 0.042408376963350786 0.056797020484171325
2 0.41478477117084084 0.6091005441214061 0.1716170482290686 0.21279756755367296
2 0.290771484375 0.2648493875116387 0.07080078125 0.11625151394465782
0 0.53125 0.33865987255586594 0.043212890625 0.058505663880644786
0 0.54052734375 0.3911955707344041 0.044769287109375 0.05644331209264432
0 0.5068359375 0.257468339007216 0.040679931640625 0.05402818960406483
0 0.55810546875 0.29263686423417135 0.042083740234375 0.058505663880644786
0 0.572265625 0.3410478588367086 0.0401611328125 0.05516791032901246
0 0.54638671875 0.24617967658868714 0.040313720703125 0.05579204310695996
0 0.57958984375 0.3940177363390363 0.0394287109375 0.05505936549806506
0 0.60791015625 0.3397453208653399 0.038238525390625 0.052834196463643505
0 0.61572265625 0.39011012242493015 0.036224365234375 0.05242715334759078
0 0.59765625 0.29090014693901306 0.038604736328125 0.05193870160832752
0 0.59619140625 0.43938947567504655 0.038604736328125 0.05402818960406483
0 0.55517578125 0.44134328263209965 0.043121337890625 0.05497795687485452
0 0.58544921875 0.24487713861731844 0.0379638671875 0.049903486028063895
0 0.64013671875 0.3373573345844972 0.033843994140625 0.05017484810543238
0 0.599609375 0.487583380615689 0.03790283203125 0.05115175158395892
0 0.62890625 0.437869848041783 0.034423828125 0.05223719989343285
0 0.61962890625 0.24791639388384543 0.035614013671875 0.047759725616852884
0 0.481689453125 0.1842005781177258 0.03948974609375 0.05085325329885358
0 0.56982421875 0.20449846150488826 0.038238525390625 0.04933362566559008
0 0.53271484375 0.20373864768825653 0.038330078125 0.05123316020716946
0 0.6484375 0.3835974325680866 0.033599853515625 0.05077184467564304
0 0.494384765625 0.22110582063983938 0.0391845703125 0.056551856923591715
0 0.63330078125 0.4867150219681099 0.0333251953125 0.04944217049653748
0 0.51513671875 0.16781030864466945 0.0384521484375 0.0483295859793267
0 0.603515625 0.20308737870257215 0.035400390625 0.04879090151085312
0 0.62939453125 0.29220268491038176 0.03302001953125 0.04895371875727421
0 0.65771484375 0.42853499258030725 0.03143310546875 0.04914367221143215
0 0.66015625 0.29393940220554005 0.03277587890625 0.04705418421569483
0 0.65966796875 0.4741238215782123 0.03125 0.04822104114837931
0 0.55078125 0.16661631550424813 0.036773681640625 0.04425915481879947
0 0.47412109375 0.1516371288335079 0.036163330078125 0.043689294456325654
0 0.63427734375 0.2147016756139432 0.034027099609375 0.04336365996348347
0 0.64892578125 0.2526923664455307 0.03173828125 0.04461192551937849
0 0.60498046875 0.6039434393912942 0.03167724609375 0.042603846146851726
0 0.66845703125 0.3384427828939711 0.0316162109375 0.04721700146211592
0 0.63818359375 0.52709369908054 0.0316162109375 0.0460772807371683
0 0.6005859375 0.5301329543470671 0.03594970703125 0.04933362566559008
0 0.5859375 0.16802739830656424 0.034942626953125 0.04132844438321986
0 0.63037109375 0.6260865849045624 0.0301513671875 0.04048722194337756
0 0.60400390625 0.5722483487546555 0.033843994140625 0.04385211170274674
0 0.463623046875 0.12102748650634311 0.034027099609375 0.04634864281453678
0 0.50439453125 0.1349212248676094 0.036285400390625 0.043445068586694016
0 0.6650390625 0.514936678014432 0.0299835205078125 0.04651146006095787
0 0.6748046875 0.38294616358240224 0.0299835205078125 0.046430051437747324
0 0.6337890625 0.5679065555167597 0.0303802490234375 0.042766663393272814
0 0.63330078125 0.5996016461533985 0.027435302734375 0.041491261629640945
0 0.53857421875 0.13633230766992552 0.03448486328125 0.04054149435885126
2 0.53173828125 0.7216060361382681 0.2568359375 0.17443154333246041
0 0.493408203125 0.10941318959497207 0.03271484375 0.042522437523641175
0 0.68505859375 0.4246273786662011 0.028656005859375 0.04732554629306331
0 0.5263671875 0.10528848601897113 0.03265380859375 0.036796697691166204
0 0.55859375 0.10805637920812966 0.0312042236328125 0.03242776824553364
0 0.59228515625 0.12167875549202747 0.03216552734375 0.034544392449007796
0 0.61865234375 0.17877333657035616 0.033843994140625 0.03850627877858764
0 0.68505859375 0.472387104283054 0.02691650390625 0.04385211170274674
0 0.65966796875 0.5544469964792831 0.0265045166015625 0.041735487499272576
0 0.57275390625 0.1366579421627677 0.03460693359375 0.04078572022848289
0 0.65869140625 0.5857079077921322 0.0269622802734375 0.03896759431011406
0 0.60302734375 0.14599279762424347 0.03167724609375 0.03546702351206064
0 0.6865234375 0.5136341400430633 0.025909423828125 0.04094853747490398
0 0.66015625 0.6126270258670856 0.02423095703125 0.032346359622323094
0 0.6826171875 0.5501052032413873 0.0254669189453125 0.03888618568690352
0 0.58740234375 0.5201468298999069 0.022796630859375 0.03880477706369297
2 0.35009765625 0.7802202448498603 0.11676025390625 0.09676771678960079
0 0.681640625 0.5804977559066573 0.0231475830078125 0.03636251836737663
0 0.6806640625 0.6078510533054003 0.02288818359375 0.03587406662811336
0 0.398193359375 0.5739850660498138 0.046722412109375 0.0644213571672777
0 0.583984375 0.478465614816108 0.02001953125 0.04016158745053538
2 0.35009765625 0.5726825280784451 0.0460205078125 0.07652410581791201
0 0.58642578125 0.5540128171554934 0.01473236083984375 0.03041968887300687
2 0.2086181640625 0.5831028318493948 0.051666259765625 0.16162325328066807
0 0.59033203125 0.5857079077921322 0.01233673095703125 0.027543250852900953
2 0.236572265625 0.40053042619587986 0.0615234375 0.16629068101140596
2 0.5693359375 0.8197305633147114 0.1995849609375 0.1794246055560405