0 0.5013089005235603 0.3063314711359404 0.042408376963350786 0.055865921787709494
2 0.4155706807514759 0.5603656718669311 0.18795472704250857 0.1254025106938699
2 0.3002444762871701 0.25989081661750935 0.09630355354506992 0.09327123047770261
0 0.47230165384699907 0.1106970313010717 0.04654393629089242 0.031439089344263614
0 0.463623046875 0.1197249485349744 0.033843994140625 0.04385211170274674
2 0.4404296875 0.6868716902351024 0.11962890625 0.10566839292728701
0 0.53125 0.33865987255586594 0.043212890625 0.05785439489496043
0 0.5068359375 0.257468339007216 0.040374755859375 0.053946780980854286
0 0.54052734375 0.3911955707344041 0.04443359375 0.0567689465854865
0 0.4931640625 0.10941318959497207 0.03204345703125 0.04235962027722009
0 0.472412109375 0.14968332187645483 0.0360107421875 0.04309229788611499
0 0.55810546875 0.2915514159246974 0.041839599609375 0.057094581078328675
0 0.572265625 0.340613679512919 0.04052734375 0.05476086721295973
0 0.54638671875 0.24617967658868714 0.040313720703125 0.05600913276885475
0 0.495361328125 0.22034600682320762 0.041473388671875 0.058180029387802604
0 0.5263671875 0.10550557568086592 0.03253173828125 0.036850970106639895
0 0.580078125 0.3924981087057728 0.038909912109375 0.054353824096907005
0 0.482177734375 0.18582875058193668 0.0401611328125 0.05261710680174872
0 0.6083984375 0.3397453208653399 0.03839111328125 0.052834196463643505
0 0.55859375 0.10843628611644553 0.0312042236328125 0.033621761385954956
0 0.59619140625 0.43982365499883613 0.0384521484375 0.05413673443501222
0 0.55517578125 0.44134328263209965 0.043121337890625 0.054543777551064945
0 0.59765625 0.29090014693901306 0.0386962890625 0.05193870160832752
0 0.50439453125 0.13470413520571461 0.03643798828125 0.04409633757237837
0 0.61572265625 0.3896759431011406 0.03594970703125 0.05231860851664339
0 0.59228515625 0.12167875549202747 0.031982421875 0.03432730278711301
0 0.58544921875 0.24466004895542365 0.038177490234375 0.04998489465127444
0 0.5146484375 0.16781030864466945 0.038330078125 0.04879090151085312
0 0.599609375 0.487583380615689 0.037750244140625 0.050581891221485105
0 0.5693359375 0.20449846150488826 0.03839111328125 0.04933362566559008
0 0.6484375 0.3835974325680866 0.034088134765625 0.05085325329885358
0 0.62890625 0.437869848041783 0.03424072265625 0.05223719989343285
0 0.60302734375 0.14675261144087523 0.0341796875 0.03799069083158752
0 0.61962890625 0.24726512489816108 0.035675048828125 0.04721700146211592
0 0.64013671875 0.3371402449226024 0.033599853515625 0.049903486028063895
0 0.53857421875 0.13535540419139896 0.034423828125 0.040704311605272346
0 0.55078125 0.16661631550424813 0.036712646484375 0.0444491082729574
0 0.63330078125 0.4867150219681099 0.03289794921875 0.04944217049653748
0 0.53271484375 0.2040642821810987 0.038177490234375 0.05164020332322218
0 0.66015625 0.29393940220554005 0.032958984375 0.04670141351511581
0 0.64892578125 0.25225818712174114 0.03131103515625 0.04425915481879947
0 0.63427734375 0.21524439976868018 0.03424072265625 0.043689294456325654
0 0.603515625 0.2026531993787826 0.03582763671875 0.04841099460253724
0 0.6298828125 0.29220268491038176 0.033203125 0.04895371875727421
0 0.658203125 0.42810081325651766 0.0316162109375 0.04914367221143215
0 0.5859375 0.16835303279940642 0.03521728515625 0.041491261629640945
0 0.6015625 0.5314354923184358 0.035491943359375 0.04933362566559008
0 0.6689453125 0.3380086035701816 0.0321044921875 0.04748836353948441
0 0.61865234375 0.17844770207751395 0.033599853515625 0.037637920131008494
0 0.65966796875 0.4741238215782123 0.0312042236328125 0.047949679071010824
0 0.60546875 0.6039434393912942 0.03173828125 0.04268525477006227
0 0.63818359375 0.5275278784043296 0.03179931640625 0.04615868936037884
0 0.63037109375 0.6260865849045624 0.0297088623046875 0.04016158745053538
0 0.6748046875 0.38294616358240224 0.0299835205078125 0.04670141351511581
0 0.60498046875 0.5709458107832868 0.03424072265625 0.04401492894916783
0 0.57275390625 0.13589812834613593 0.034698486328125 0.039483182257114176
0 0.66455078125 0.514936678014432 0.0300445556640625 0.04634864281453678
0 0.6337890625 0.5670381968691807 0.0299835205078125 0.042278211654009544
0 0.685546875 0.4246273786662011 0.02880859375 0.04721700146211592
0 0.63330078125 0.5987332875058193 0.02685546875 0.041491261629640945
0 0.68505859375 0.472387104283054 0.0268096923828125 0.043933520325957286
0 0.6591796875 0.5540128171554934 0.026763916015625 0.04189830474569367
0 0.62451171875 0.726816188023743 0.0254669189453125 0.0452903307127997
0 0.6591796875 0.5857079077921322 0.0268096923828125 0.03964599950353526
0 0.6865234375 0.5140683193668529 0.0261993408203125 0.04094853747490398
2 0.499755859375 0.7506960508321695 0.07330322265625 0.07581856441675396
0 0.68212890625 0.5501052032413873 0.0256195068359375 0.03926609259521939
0 0.642578125 0.7207376774906891 0.0228424072265625 0.043607885833115104
0 0.66064453125 0.6117586672195066 0.02508544921875 0.03272626653063897
0 0.60498046875 0.748090974889432 0.0216522216796875 0.03896759431011406
0 0.58740234375 0.7541694854224861 0.021942138671875 0.04048722194337756
0 0.58740234375 0.5201468298999069 0.0225372314453125 0.03698665114532414
0 0.68115234375 0.60828523262919 0.0225067138671875 0.03329612689311278
0 0.58447265625 0.478465614816108 0.020599365234375 0.04048722194337756
0 0.681640625 0.5813661145542365 0.02288818359375 0.035819794212639665
0 0.56884765625 0.7611163546031192 0.020294189453125 0.03932036501069309
0 0.5927734375 0.5609596863361266 0.021575927734375 0.034001668294270836
2 0.344482421875 0.7806544241736499 0.11126708984375 0.08933239586970437
2 0.35009765625 0.5722483487546555 0.04620361328125 0.07571001958580656
2 0.2113037109375 0.5813661145542365 0.0509033203125 0.16487959820908984
2 0.2354736328125 0.40053042619587986 0.060638427734375 0.16781030864466945
2 0.271728515625 0.2904659676152235 0.0322265625 0.0675148848492784