2 0.3782608695652174 0.38295454545454544 0.19254658385093168 0.4590909090909091
2 0.42142857142857143 0.6488636363636363 0.19316770186335402 0.12954545454545455
0 0.5217391304347826 0.4460227272727273 0.040993788819875775 0.05795454545454545
0 0.53466796875 0.33700977672230115 0.04302978515625 0.056335796009410515
0 0.50390625 0.30417979847301135 0.042877197265625 0.057508295232599434
0 0.5703125 0.4873130104758523 0.038604736328125 0.054856213656338776
0 0.509765625 0.2554931640625 0.0401611328125 0.05251121520996094
0 0.56103515625 0.4399663751775568 0.0401611328125 0.05580537969415838
0 0.576171875 0.33857310901988635 0.040374755859375 0.05611246282404119
0 0.5615234375 0.2889931418678977 0.042083740234375 0.05611246282404119
0 0.5693359375 0.5351063121448864 0.037750244140625 0.05184121565385298
0 0.599609375 0.4388497092507102 0.037811279296875 0.05527496337890625
0 0.580078125 0.5761996182528409 0.035003662109375 0.048574967817826706
0 0.583984375 0.39127974076704547 0.038970947265625 0.056335796009410515
0 0.6123046875 0.339019775390625 0.038116455078125 0.0560287128795277
0 0.6015625 0.2887698086825284 0.03802490234375 0.05281829833984375
0 0.63232421875 0.43661637739701703 0.035064697265625 0.054660797119140625
0 0.60546875 0.4877596768465909 0.03607177734375 0.05270663174715909
0 0.64990234375 0.38524974476207385 0.034820556640625 0.05424204739657315
0 0.497802734375 0.2180848555131392 0.04046630859375 0.05761996182528409
0 0.66357421875 0.4272363836115057 0.03314208984375 0.05332079800692471
0 0.5498046875 0.24343317205255682 0.04046630859375 0.0550795468417081
0 0.63525390625 0.2874298095703125 0.034942626953125 0.05094788291237571
0 0.60986328125 0.5699462890625 0.033843994140625 0.046509135853160515
0 0.64306640625 0.33455311168323865 0.033599853515625 0.05133871598677202
0 0.6376953125 0.4850796786221591 0.034027099609375 0.05223204872824929
0 0.58984375 0.2418698397549716 0.0379638671875 0.048965800892223015
0 0.66259765625 0.4730196866122159 0.033782958984375 0.04924496737393466
0 0.48388671875 0.18357987837357956 0.037750244140625 0.0550795468417081
0 0.6064453125 0.5337663130326704 0.0345458984375 0.04913330078125
0 0.57275390625 0.20356819846413352 0.037750244140625 0.0500824668190696
0 0.67236328125 0.3354464444247159 0.0305633544921875 0.0466766357421875
0 0.6396484375 0.5672662908380682 0.03228759765625 0.04634163596413352
0 0.6064453125 0.20245153253728693 0.03607177734375 0.04999871687455611
0 0.6650390625 0.2921198064630682 0.029876708984375 0.04740246859463779
0 0.62353515625 0.24276317249644885 0.034759521484375 0.04756996848366477
0 0.65283203125 0.2503565007990057 0.0321044921875 0.04408038746226917
0 0.517578125 0.1657132235440341 0.03875732421875 0.04840746792879971
0 0.61669921875 0.6061262650923296 0.030670166015625 0.04452705383300781
0 0.47509765625 0.15208989923650568 0.03704833984375 0.05292996493252841
0 0.53564453125 0.201446533203125 0.03912353515625 0.04932871731844815
0 0.640625 0.2099331942471591 0.03314208984375 0.04195872220126065
0 0.63671875 0.5297463156960227 0.03173828125 0.047932884909889915
0 0.66796875 0.5127729936079546 0.0299224853515625 0.046509135853160515
0 0.5537109375 0.16280989213423294 0.03643798828125 0.044247887351296165
0 0.5078125 0.1318782459605824 0.0364990234375 0.04589496959339489
0 0.6064453125 0.14672990278764206 0.033721923828125 0.043019554831764915
0 0.689453125 0.4209830544211648 0.028167724609375 0.048128301447088066
0 0.6767578125 0.38122974742542615 0.03131103515625 0.04687205227938565
0 0.58984375 0.16805822199041193 0.034759521484375 0.04382913762872869
2 0.564453125 0.7548661665482954 0.1326904296875 0.09156660600142046
0 0.642578125 0.5931729403409091 0.03033447265625 0.04165163907137784
0 0.471923828125 0.11892492120916193 0.035491943359375 0.04014414007013494
0 0.689453125 0.4631930264559659 0.027435302734375 0.04486205361106179
0 0.62451171875 0.1763215498490767 0.0328369140625 0.04220997203480114
0 0.5283203125 0.10384993119673296 0.03240966796875 0.03657080910422585
0 0.5751953125 0.13478157737038352 0.033782958984375 0.04285205494273792
0 0.5908203125 0.6409662420099432 0.03179931640625 0.03872039101340554
0 0.54248046875 0.13310657848011365 0.035614013671875 0.04251705516468395
0 0.6689453125 0.5520796342329546 0.0276336669921875 0.04433163729580966
0 0.619140625 0.38882307572798297 0.03656005859375 0.0550795468417081
2 0.27197265625 0.535552978515625 0.06536865234375 0.16660655628551135
0 0.69140625 0.5033929998224432 0.0259552001953125 0.04391288757324219
0 0.365234375 0.6503462357954546 0.0255584716796875 0.031071229414506393
0 0.59521484375 0.11870158802379262 0.0313720703125 0.03419789400967685
0 0.56103515625 0.10535743019797585 0.030670166015625 0.03322081132368608
0 0.6025390625 0.6887595436789773 0.0266571044921875 0.03433747725053267
0 0.64013671875 0.6543662331321023 0.025177001953125 0.03872039101340554
0 0.61767578125 0.6360529119318182 0.0266571044921875 0.03511914339932529
0 0.58642578125 0.614166259765625 0.03192138671875 0.0437453876842152
0 0.64306640625 0.6208662553267046 0.02838134765625 0.039306640625
2 0.371826171875 0.7856861461292614 0.1766357421875 0.1441615711558949
0 0.438720703125 0.1449432373046875 0.03515625 0.059183294122869316
0 0.62158203125 0.6936728737571023 0.025177001953125 0.03118289600719105
0 0.619140625 0.6628528941761364 0.02655029296875 0.03143414584073154
0 0.69140625 0.5373396439985796 0.0233306884765625 0.04084205627441406
0 0.689453125 0.5739662863991477 0.0225372314453125 0.04008830677379261
0 0.671875 0.6543662331321023 0.0210113525390625 0.03048497980291193
0 0.66748046875 0.5820062810724432 0.0261993408203125 0.03573330965909091
0 0.666015625 0.6123795942826704 0.0236968994140625 0.036291642622514206
0 0.68701171875 0.6047862659801136 0.0227203369140625 0.03497956015846946
0 0.68310546875 0.6271195845170454 0.021453857421875 0.035063310102982956
0 0.650390625 0.6717862215909091 0.0217742919921875 0.03302539478648792
2 0.2086181640625 0.5708396218039773 0.054595947265625 0.15733822909268466
2 0.338623046875 0.20892819491299716 0.10650634765625 0.12517825039950284
2 0.271484375 0.7387861772017046 0.049224853515625 0.10061160000887784
2 0.56396484375 0.7213661887428977 0.0999755859375 0.0526228818026456
0 0.6806640625 0.7146661931818182 0.0285491943359375 0.04731871865012429
2 0.270751953125 0.28452647816051135 0.0297088623046875 0.07319745150479404