0 0.5013089005235603 0.3063314711359404 0.043455497382198956 0.05772811918063315
2 0.362282722513089 0.6619180633147114 0.16486910994764403 0.11867783985102424
0 0.5307591623036649 0.3380074487895717 0.04263350785340311 0.05785847299813779
0 0.5400366492146597 0.3911918063314711 0.044340314136125686 0.056443202979515834
0 0.5068376963350785 0.2570297951582868 0.040465968586387416 0.053324022346368696
0 0.5722670157068063 0.34017690875232776 0.040376963350785285 0.054655493482309164
0 0.5581047120418848 0.29242085661080075 0.042172774869110044 0.058286778398510264
0 0.5795916230366492 0.3940223463687151 0.03942931937172772 0.05498137802607072
0 0.5463874345549737 0.2459590316573557 0.040465968586387416 0.055903165735567965
0 0.49536125654450264 0.22034450651769089 0.04131937172774873 0.05851024208566106
0 0.6079109947643978 0.3397486033519553 0.038026178010471264 0.05261638733705772
0 0.5961937172774869 0.43982309124767227 0.03832984293193719 0.05413407821229049
0 0.5551780104712042 0.441340782122905 0.04336649214659682 0.054757914338919876
0 0.5976544502617801 0.29067970204841714 0.03839267015706802 0.05163873370577285
0 0.6157225130890053 0.38967411545623837 0.03594764397905752 0.052020484171322164
0 0.5854502617801047 0.24487895716945995 0.038026178010471264 0.049823091247672244
0 0.5693350785340314 0.20406890130353816 0.03817801047120423 0.04905959031657355
0 0.532717277486911 0.2012383612662942 0.03824083769633506 0.0467783985102421
0 0.48217801047120423 0.18550279329608937 0.04009947643979053 0.0522346368715084
0 0.599607329842932 0.4875791433891992 0.03774869109947639 0.05057728119180632
0 0.6401361256544503 0.33670391061452515 0.03365968586387433 0.04971135940409682
0 0.6196282722513089 0.2474860335195531 0.03555497382198945 0.04721601489757915
0 0.6284188481675392 0.4378677839851024 0.034026178010471086 0.05231843575418999
0 0.6489267015706807 0.38359404096834265 0.03378534031413623 0.05047486033519556
2 0.4506858638743455 0.7098789571694599 0.14220942408376958 0.15109869646182492
0 0.6337905759162303 0.4862849162011173 0.03338743455497381 0.049627560521415225
0 0.5146492146596858 0.16694599627560522 0.03817801047120423 0.04741154562383614
0 0.6601570680628273 0.2937243947858473 0.03265445026178005 0.046592178770949684
0 0.6035130890052356 0.20309124767225326 0.03534031413612566 0.04822160148975793
0 0.6591780104712042 0.4741247672253259 0.03137172774869114 0.04795158286778404
0 0.47387434554973823 0.15185288640595904 0.03616230366492143 0.04418063314711358
0 0.6489267015706807 0.25247672253258846 0.031675392670157065 0.04433891992551211
0 0.6010732984293193 0.5314338919925512 0.03549214659685862 0.05017690875232784
0 0.5507801047120419 0.16662011173184357 0.0367120418848167 0.04425512104283051
0 0.6293926701570681 0.2922067039106145 0.0329005235602095 0.04867783985102418
0 0.6049790575916231 0.6039478584729981 0.031921465968586284 0.04214152700186219
0 0.668455497382199 0.33844506517690875 0.031738219895287904 0.04713221601489758
0 0.6337905759162303 0.21491620111731843 0.03372251308900516 0.04352886405959032
0 0.657717277486911 0.42853817504655495 0.03143455497382197 0.0488733705772812
0 0.6381832460732985 0.5270949720670391 0.031738219895287904 0.046238361266294305
0 0.504392670157068 0.13416201117318435 0.03643979057591618 0.04309124767225327
0 0.5854502617801047 0.16835195530726257 0.03500523560209431 0.04103351955307262
0 0.6303717277486911 0.6260893854748603 0.030335078534031442 0.0402420856610801
0 0.46386910994764396 0.12211359404096835 0.03408900523560204 0.04813780260707634
0 0.6049790575916231 0.570512104283054 0.03338743455497381 0.043175046554934725
0 0.6748062827225132 0.38294227188081936 0.029984293193717267 0.0465083798882682
0 0.6645497382198953 0.5149348230912476 0.030047120418848102 0.045996275605214236
0 0.6337905759162303 0.5674767225325885 0.030335078534031442 0.042932960893854656
0 0.6030261780104712 0.1463221601489758 0.0329005235602095 0.03679702048417131
0 0.5385759162303665 0.1361173184357542 0.03417801047120424 0.040782122905027945
0 0.5581047120418848 0.10843575418994413 0.03114136125654451 0.032728119180633154
0 0.6850575916230367 0.4250651769087523 0.02897905759162299 0.04786778398510239
0 0.6332984293193716 0.5995996275605214 0.027178010471204113 0.041405959031657384
0 0.49340837696335077 0.10941340782122906 0.03259162303664921 0.04198324022346369
0 0.5263664921465969 0.10550279329608939 0.032654450261780106 0.03649906890130353
2 0.28930890052356023 0.2674581005586592 0.06915183246073298 0.11375232774674114
0 0.592282722513089 0.12124767225325885 0.032471204188481664 0.034087523277467426
0 0.5722670157068063 0.13807262569832401 0.0348795811518324 0.04235567970204843
0 0.6186544502617801 0.17844506517690875 0.03378534031413623 0.037858472998137827
0 0.6845706806282722 0.47282122905027935 0.026853403141361237 0.04409683426443204
0 0.6591780104712042 0.5544506517690876 0.026549738219895307 0.041331471135940503
0 0.6586910994764398 0.5857076350093109 0.026916230366492072 0.03910614525139665
0 0.6601570680628273 0.6130633147113593 0.02484293193717268 0.03285847299813777
0 0.6865235602094241 0.5136312849162011 0.025863874345549785 0.04086592178770959
0 0.6826178010471204 0.5505400372439478 0.025130890052356022 0.03866852886405957
0 0.5874031413612566 0.5201489757914339 0.022109947643979066 0.0370670391061452
0 0.6816387434554975 0.5809310986964618 0.022539267015706903 0.03600558659217884
0 0.681151832460733 0.6078491620111732 0.02198952879581152 0.03343575418994421
2 0.3500994764397906 0.7802234636871509 0.11981151832460729 0.09600558659217867
0 0.6245130890052356 0.7272532588454377 0.025130890052356022 0.045558659217877155
0 0.5874031413612566 0.753733705772812 0.021623036649214757 0.0397858472998138
2 0.5449214659685864 0.7741433891992551 0.31372251308900523 0.26810986964618255
0 0.5844712041884816 0.478463687150838 0.020570680628272234 0.039702048417132256
0 0.6049790575916231 0.7480912476722533 0.021743455497382304 0.038510242085660985
0 0.6430680628272252 0.7207355679702049 0.022539267015706903 0.04418063314711364
2 0.20751832460732986 0.5813687150837988 0.05117801047120419 0.16401303538175055
0 0.5864240837696335 0.55487895716946 0.014617801047120457 0.03020484171322165
0 0.5903298429319371 0.5857076350093109 0.012769633507853336 0.02774674115456234
2 0.2359633507853403 0.4011824953445065 0.06085340314136126 0.16694599627560516
2 0.35034031413612565 0.57268156424581 0.04610994764397902 0.07538175046554939
0 0.4005235602094241 0.5749534450651769 0.04397905759162304 0.056797020484171325
2 0.4313979057591623 0.5865735567970205 0.0447696335078534 0.0715828677839852
2 0.3820785340314136 0.5995996275605214 0.03753403141361259 0.05383612662942266
0 0.4523560209424084 0.7281191806331471 0.46282722513089003 0.7225325884543762 0.4654450261780105 0.7178770949720671 0.4706806282722513 0.6722532588454376 0.4617801047120419 0.6731843575418994 0.4455497382198953 0.6852886405959032 0.44659685863874343 0.7253258845437617 0.4523560209424084 0.7281191806331471