2 0.3767080745341615 0.38693181818181815 0.19440993788819877 0.4693181818181818
0 0.5071022333939157 0.3073230198897427 0.06292277933993395 0.0736595345232915
0 0.509765625 0.2557164972478693 0.040008544921875 0.053432464599609375
0 0.576171875 0.3387964422052557 0.040313720703125 0.05580537969415838
0 0.5498046875 0.2432098388671875 0.04052734375 0.05496788024902344
0 0.6123046875 0.339019775390625 0.038177490234375 0.05580537969415838
0 0.5615234375 0.2889931418678977 0.0416259765625 0.05591704628684304
0 0.6015625 0.2887698086825284 0.0379638671875 0.05281829833984375
0 0.497802734375 0.21841985529119318 0.040679931640625 0.05884829434481534
0 0.583984375 0.39105640758167615 0.0390625 0.05655912919477983
0 0.6357421875 0.28787647594105115 0.0352783203125 0.05133871598677202
0 0.5703125 0.4873130104758523 0.038818359375 0.0550795468417081
0 0.57275390625 0.2031215320933949 0.037750244140625 0.04999871687455611
0 0.58984375 0.2418698397549716 0.038116455078125 0.049049550836736504
0 0.5615234375 0.44018970836292615 0.040374755859375 0.05591704628684304
0 0.6064453125 0.20245153253728693 0.035675048828125 0.050277883356267754
0 0.599609375 0.4388497092507102 0.03790283203125 0.05538662997159091
0 0.5693359375 0.5346596457741477 0.0374755859375 0.051617882468483665
0 0.650390625 0.38502641157670453 0.035003662109375 0.05373954772949219
0 0.62353515625 0.24298650568181818 0.0345458984375 0.04740246859463779
0 0.580078125 0.5757529518821023 0.03515625 0.048965800892223015
0 0.517578125 0.1653782237659801 0.038970947265625 0.04840746792879971
0 0.6328125 0.43661637739701703 0.034942626953125 0.05474454706365412
0 0.60546875 0.48820634321732953 0.036285400390625 0.05312538146972656
0 0.6640625 0.4272363836115057 0.03338623046875 0.05312538146972656
0 0.48388671875 0.18391487815163352 0.038177490234375 0.05527496337890625
0 0.5537109375 0.16280989213423294 0.03656005859375 0.04416413740678267
0 0.6376953125 0.4855263449928977 0.03460693359375 0.051617882468483665
0 0.65283203125 0.2508031671697443 0.03204345703125 0.0446945537220348
0 0.47509765625 0.1515315662730824 0.03704833984375 0.05281829833984375
0 0.60986328125 0.5703929554332386 0.0343017578125 0.04622996937144886
0 0.6064453125 0.5333196466619318 0.03460693359375 0.04952413385564631
0 0.640625 0.21037986061789773 0.033538818359375 0.04195872220126065
0 0.6728515625 0.3354464444247159 0.0306243896484375 0.04720705205743963
0 0.66357421875 0.4730196866122159 0.0328369140625 0.0496078838001598
0 0.6650390625 0.2923431396484375 0.0301513671875 0.04821205139160156
0 0.58984375 0.16749988902698865 0.03460693359375 0.043661637739701706
0 0.63916015625 0.5672662908380682 0.03192138671875 0.046509135853160515
0 0.5078125 0.13243657892400568 0.036346435546875 0.04695580222389915
0 0.63671875 0.5297463156960227 0.03131103515625 0.04776538502086292
0 0.625 0.1768798828125 0.033599853515625 0.043410387906161224
0 0.6064453125 0.14728823575106534 0.0341796875 0.04357788779518821
0 0.61669921875 0.6061262650923296 0.0310211181640625 0.04486205361106179
0 0.5419921875 0.13288324529474432 0.035736083984375 0.04310330477627841
0 0.66796875 0.5132196599786932 0.029876708984375 0.046760385686700996
0 0.4716796875 0.11870158802379262 0.03521728515625 0.03961372375488281
0 0.5751953125 0.13478157737038352 0.033538818359375 0.04234955527565696
0 0.5869140625 0.6758062189275568 0.030670166015625 0.039920806884765625
0 0.689453125 0.4209830544211648 0.028106689453125 0.047681635076349434
0 0.5283203125 0.10345909812233665 0.0321044921875 0.03620789267800071
2 0.56396484375 0.7548661665482954 0.1326904296875 0.0927949385209517
0 0.64306640625 0.5927262739701704 0.0299224853515625 0.04220997203480114
0 0.67626953125 0.38122974742542615 0.03155517578125 0.046592885797674004
0 0.689453125 0.4627463600852273 0.027374267578125 0.04452705383300781
0 0.59521484375 0.11825492165305397 0.0312042236328125 0.03355581110174006
0 0.5615234375 0.10496659712357954 0.0305633544921875 0.03341622786088423
0 0.6689453125 0.5520796342329546 0.02801513671875 0.04441538724032315
0 0.587890625 0.6092529296875 0.03240966796875 0.042433305220170456
0 0.36474609375 0.6498995694247159 0.026702880859375 0.031908728859641335
0 0.69140625 0.5033929998224432 0.0260009765625 0.04391288757324219
0 0.5908203125 0.6405195756392046 0.03155517578125 0.03844122453169389
2 0.271240234375 0.535552978515625 0.06768798828125 0.1678348888050426
0 0.61767578125 0.6356062455610796 0.0271759033203125 0.03615205938165838
0 0.63916015625 0.6521329012784091 0.0262603759765625 0.03657080910422585
0 0.60302734375 0.6878662109375 0.026611328125 0.03573330965909091
2 0.35986328125 0.7923861416903409 0.1683349609375 0.1400299072265625
0 0.53564453125 0.201446533203125 0.03955078125 0.04941246726296165
0 0.64306640625 0.6217595880681818 0.028167724609375 0.03872039101340554
0 0.689453125 0.5744129527698864 0.0230712890625 0.040311639959161934
0 0.619140625 0.6641928932883523 0.02685546875 0.03277414495294744
0 0.66748046875 0.5828996138139204 0.026763916015625 0.03763164173473011
0 0.62109375 0.692779541015625 0.02508544921875 0.03165747902610085
0 0.69140625 0.5373396439985796 0.023101806640625 0.04014414007013494
0 0.43896484375 0.1449432373046875 0.034942626953125 0.059518293900923294
0 0.6640625 0.6431995738636364 0.024749755859375 0.03615205938165838
0 0.68701171875 0.6047862659801136 0.02288818359375 0.035454143177379265
0 0.58154296875 0.65838623046875 0.023773193359375 0.03777122497558594
0 0.66650390625 0.6123795942826704 0.0239105224609375 0.03601247614080256
0 0.68359375 0.6262262517755682 0.0212860107421875 0.03511914339932529
0 0.64990234375 0.6749128861860796 0.0234222412109375 0.03763164173473011
0 0.494384765625 0.10290076515891335 0.0330810546875 0.035789142955433235
2 0.2095947265625 0.5703929554332386 0.056243896484375 0.15990656072443182
2 0.33935546875 0.2074765292080966 0.10797119140625 0.12540158358487216
2 0.271240234375 0.7374461780894886 0.051361083984375 0.10044410011985085
0 0.6806640625 0.7146661931818182 0.0280609130859375 0.04642538590864702
2 0.5634765625 0.7218128551136364 0.094482421875 0.05114329944957386