0 0.503704955788036 0.30549320573193484 0.053207947252779886 0.07704331883504402
2 0.41014844075476253 0.5753780762497737 0.17546508530667554 0.09977319486226907
2 0.46116656335896206 0.7034341700355086 0.14797586856103379 0.1089657033111121
0 0.53125 0.33865987255586594 0.043121337890625 0.05785439489496043
0 0.54052734375 0.3909784810725093 0.044677734375 0.05622622243074953
0 0.5068359375 0.257468339007216 0.040618896484375 0.054353824096907005
0 0.58056640625 0.3931493776914572 0.0391845703125 0.05516791032901246
0 0.572265625 0.3408307691748138 0.040374755859375 0.05486941204390712
0 0.55810546875 0.29263686423417135 0.041839599609375 0.058397119049697396
0 0.54638671875 0.24683094557437152 0.04046630859375 0.05731167074022346
0 0.60791015625 0.33996241052723464 0.038330078125 0.053431193033854164
0 0.59619140625 0.43982365499883613 0.03839111328125 0.05383823614990689
0 0.55517578125 0.44134328263209965 0.04296875 0.0544623689278544
0 0.61572265625 0.39011012242493015 0.0360107421875 0.05223719989343285
0 0.59765625 0.29090014693901306 0.03839111328125 0.05183015677738012
0 0.58544921875 0.24487713861731844 0.0379638671875 0.050093439482221835
0 0.6396484375 0.3373573345844972 0.033660888671875 0.050391937767327165
0 0.5693359375 0.20449846150488826 0.038330078125 0.04914367221143215
0 0.62890625 0.43808693770367785 0.0343017578125 0.05231860851664339
0 0.482177734375 0.18648001956762103 0.0401611328125 0.05383823614990689
0 0.599609375 0.487583380615689 0.037811279296875 0.050581891221485105
0 0.64892578125 0.38381452222998136 0.034027099609375 0.05085325329885358
0 0.61962890625 0.24726512489816108 0.035614013671875 0.04732554629306331
0 0.53271484375 0.20373864768825653 0.038177490234375 0.05123316020716946
0 0.49462890625 0.22143145513268156 0.0391845703125 0.0567689465854865
0 0.63330078125 0.4867150219681099 0.03326416015625 0.04963212395069541
0 0.5146484375 0.1671590396589851 0.038238525390625 0.047949679071010824
0 0.65966796875 0.4741238215782123 0.0313720703125 0.04860094805669518
0 0.66015625 0.2937223125436452 0.03253173828125 0.04615868936037884
0 0.60400390625 0.20308737870257215 0.035736083984375 0.048682356679905725
0 0.658203125 0.42853499258030725 0.03155517578125 0.048872310134063665
0 0.55078125 0.1669419499970903 0.036712646484375 0.0444491082729574
0 0.62939453125 0.29220268491038176 0.0328369140625 0.0490622635882216
0 0.64892578125 0.25247527678363596 0.03155517578125 0.04425915481879947
0 0.60107421875 0.5314354923184358 0.035675048828125 0.04998489465127444
0 0.66845703125 0.3384427828939711 0.03173828125 0.04713559283890538
0 0.6337890625 0.2147016756139432 0.033660888671875 0.04328225134027293
0 0.472412109375 0.14914059772171787 0.035400390625 0.04235962027722009
0 0.60546875 0.6043776187150838 0.031982421875 0.0421425306153253
0 0.5859375 0.1690043017850908 0.03521728515625 0.042196803030799
0 0.60498046875 0.5700774521357076 0.033477783203125 0.04409633757237837
0 0.5048828125 0.1349212248676094 0.036163330078125 0.04268525477006227
0 0.63818359375 0.52709369908054 0.0318603515625 0.046430051437747324
0 0.63037109375 0.6265207642283519 0.0301513671875 0.03970027191900896
0 0.463623046875 0.12059330718255354 0.033966064453125 0.0452903307127997
0 0.66455078125 0.5153708573382216 0.0303802490234375 0.04651146006095787
0 0.60302734375 0.1470782459337174 0.03436279296875 0.03799069083158752
0 0.6337890625 0.5679065555167597 0.0299835205078125 0.043010889262904445
0 0.6748046875 0.38338034290619183 0.029815673828125 0.04651146006095787
0 0.53857421875 0.13611521800803073 0.0343017578125 0.03994449778864059
0 0.63330078125 0.599167466829609 0.027069091796875 0.04132844438321986
0 0.5263671875 0.10550557568086592 0.03302001953125 0.037285149430429466
0 0.55859375 0.10805637920812966 0.03131103515625 0.032346359622323094
0 0.685546875 0.4246273786662011 0.02880859375 0.04767831699364234
0 0.493408203125 0.10984736891876164 0.0321044921875 0.04244102890043063
0 0.59228515625 0.1212445761682379 0.03216552734375 0.033811714840112896
0 0.57275390625 0.13730921114845204 0.035003662109375 0.041247035760009314
0 0.61865234375 0.17812206758467178 0.033721923828125 0.03820778049348231
0 0.68505859375 0.472387104283054 0.02691650390625 0.04409633757237837
2 0.289306640625 0.26723737379248136 0.06878662109375 0.11397207249476257
0 0.6591796875 0.5548811758030726 0.026153564453125 0.041247035760009314
2 0.53955078125 0.7728391963454376 0.3037109375 0.2594221459642691
0 0.65869140625 0.5857079077921322 0.026611328125 0.0391032753487983
0 0.6865234375 0.5136341400430633 0.0261077880859375 0.04108421851358822
0 0.66064453125 0.6126270258670856 0.0248870849609375 0.033377535516323324
0 0.68212890625 0.5501052032413873 0.02532958984375 0.03866909602500873
0 0.58740234375 0.5201468298999069 0.022796630859375 0.037773601169692736
0 0.68115234375 0.6074168739816108 0.022369384765625 0.034001668294270836
0 0.681640625 0.5813661145542365 0.0228424072265625 0.03554843213527118
0 0.62451171875 0.7272503673475326 0.025665283203125 0.04556169279016818
2 0.353759765625 0.7819569621450186 0.11920166015625 0.09459682017065293
0 0.60498046875 0.748090974889432 0.0216522216796875 0.0383705977399034
0 0.64306640625 0.7211718568144786 0.02288818359375 0.0437707030795362
0 0.58447265625 0.478465614816108 0.0200958251953125 0.03926609259521939
2 0.35009765625 0.5722483487546555 0.0460205078125 0.07684974031075419
0 0.5927734375 0.560525507012337 0.0240936279296875 0.03514138901921846
2 0.2088623046875 0.584839549144553 0.050048828125 0.15912672216887802
0 0.59033203125 0.584839549144553 0.01282501220703125 0.02838447329274325
2 0.428466796875 0.8027975696869181 0.12335205078125 0.159669446323615
2 0.2371826171875 0.4003133365339851 0.0615234375 0.16954702593982773
2 0.7080078125 0.6742804898452048 0.10321044921875 0.14132536989350558