2 0.39633507853403144 0.5684357541899442 0.14031413612565444 0.11824953445065177
0 0.5010471204188481 0.31145251396648044 0.04293193717277487 0.06610800744878957
2 0.30081675392670154 0.2759497206703911 0.11966492146596856 0.08814711359404095
2 0.4594240837696335 0.6932029795158287 0.1586387434554974 0.07914338919925512
0 0.5312513089005236 0.3388733705772812 0.04327225130890057 0.058286778398510264
0 0.5405287958115184 0.3911918063314711 0.04476963350785346 0.056554934823091256
0 0.5068376963350785 0.25725325884543765 0.04061780104712038 0.053733705772811925
0 0.5581047120418848 0.29263500931098696 0.04208376963350791 0.058398510242085686
0 0.5722670157068063 0.34105214152700186 0.04016230366492148 0.055279329608938554
0 0.5463874345549737 0.2461824953445065 0.04025130890052362 0.055903165735567965
0 0.4951151832460733 0.2206703910614525 0.04131937172774873 0.058938547486033506
0 0.6079109947643978 0.3397486033519553 0.03824083769633506 0.05291433891992555
0 0.6157225130890053 0.39011173184357545 0.036162303664921555 0.05243016759776531
0 0.5976544502617801 0.29090316573556796 0.038607329842931824 0.05193668528864057
0 0.5961937172774869 0.4393854748603352 0.03875916230366502 0.05394785847299819
0 0.5551780104712042 0.441340782122905 0.04296858638743458 0.05498137802607072
0 0.5854502617801047 0.24487895716945995 0.03790052356020936 0.04990689013035384
0 0.6401361256544503 0.3373556797020484 0.03384293193717271 0.050176908752327734
0 0.6289057591623037 0.4378677839851024 0.03436125654450267 0.052132216014897585
0 0.6196282722513089 0.2479143389199255 0.03555497382198945 0.04775605214152699
0 0.5698219895287958 0.20482309124767226 0.038115183246073395 0.049525139664804464
0 0.4819319371727749 0.18452513966480447 0.039643979057591636 0.051340782122905014
0 0.599607329842932 0.4875791433891992 0.03774869109947639 0.051042830540037235
0 0.6484397905759163 0.38359404096834265 0.03365968586387433 0.050661080074487864
0 0.532717277486911 0.20406890130353816 0.03817801047120423 0.051340782122905014
0 0.6332984293193716 0.4867132216014898 0.03332460732984298 0.0493296089385475
0 0.6035130890052356 0.2026536312849162 0.03549214659685862 0.0488733705772812
0 0.5151361256544502 0.1678119180633147 0.03839267015706802 0.04849162011173183
0 0.6293926701570681 0.2922067039106145 0.033078534031413524 0.04895716945996279
0 0.657717277486911 0.42853817504655495 0.03143455497382197 0.04895716945996279
0 0.6601570680628273 0.29393854748603354 0.0327748691099476 0.047057728119180596
0 0.5507801047120419 0.16662011173184357 0.03683246073298425 0.04453445065176907
0 0.5800785340314136 0.393584729981378 0.039492146596858554 0.055055865921787704
0 0.6596701570680629 0.47412476722532587 0.03130890052356031 0.04803538175046558
0 0.6049790575916231 0.6039478584729981 0.03185863874345545 0.04328677839851025
0 0.4741204188481676 0.15185288640595904 0.035947643979057635 0.04401303538175045
0 0.6342774869109947 0.2145903165735568 0.03408900523560216 0.04317504655493483
0 0.6489267015706807 0.25269087523277467 0.031738219895287904 0.0446927374301676
0 0.668455497382199 0.33844506517690875 0.031675392670157065 0.04721601489757918
0 0.600586387434555 0.5305679702048417 0.03582722513088997 0.049711359404096926
0 0.6381832460732985 0.5270949720670391 0.03161780104712035 0.04608007448789572
0 0.5859371727748691 0.16835195530726257 0.03515706806282727 0.04157355679702046
0 0.6303717277486911 0.6260893854748603 0.029984293193717267 0.04070763500931101
0 0.4633769633507853 0.12124767225325885 0.03408900523560204 0.04686219739292363
0 0.504392670157068 0.13492551210428305 0.03616230366492143 0.04392923649906891
0 0.6650366492146597 0.5149348230912476 0.030047120418848102 0.0465083798882682
0 0.6748062827225132 0.38294227188081936 0.029921465968586435 0.04643389199255121
0 0.6049790575916231 0.570512104283054 0.0331413612565446 0.043175046554934725
0 0.6337905759162303 0.5679050279329608 0.030382198952879687 0.043007448789571745
0 0.5385759162303665 0.1363314711359404 0.03460732984293189 0.04086592178770949
0 0.6332984293193716 0.5995996275605214 0.027371727748691205 0.04157355679702057
0 0.6035130890052356 0.14599627560521417 0.03265445026178005 0.03679702048417131
0 0.5263664921465969 0.10567039106145251 0.03283769633507855 0.037281191806331465
0 0.5585916230366492 0.10822160148975792 0.03130890052356031 0.03261638733705773
0 0.4936544502617801 0.10985102420856611 0.032471204188481664 0.04309124767225326
0 0.6850575916230367 0.42462756052141526 0.02870157068062836 0.0473277467411546
0 0.592282722513089 0.12167597765363129 0.03216753926701574 0.03472998137802608
0 0.5727539267015707 0.13807262569832401 0.0348795811518324 0.0426070763500931
0 0.6186544502617801 0.1787709497206704 0.03365968586387433 0.038584729981378026
0 0.6845706806282722 0.4723836126629423 0.026811518324607347 0.043770949720670436
0 0.6591780104712042 0.5544506517690876 0.026502617801047065 0.041405959031657384
0 0.6586910994764398 0.5857076350093109 0.02701047120418856 0.03956238361266295
2 0.5029319371727748 0.7498230912476722 0.07598952879581157 0.07625698324022355
0 0.6865235602094241 0.5136312849162011 0.026062827225130994 0.041033519553072564
0 0.6826178010471204 0.5501024208566108 0.025513089005235613 0.0388826815642458
0 0.6601570680628273 0.6126256983240224 0.0238638743455497 0.03175046554934815
0 0.5874031413612566 0.5201489757914339 0.02267539267015704 0.038808193668528924
0 0.6816387434554975 0.5809310986964618 0.023073298429319457 0.03662942271880812
0 0.6245130890052356 0.7272532588454377 0.025617801047120334 0.04520484171322156
0 0.5874031413612566 0.753733705772812 0.02229319371727745 0.03994413407821237
0 0.5693350785340314 0.7611173184357543 0.02037172774869102 0.03918063314711353
0 0.6430680628272252 0.7207355679702049 0.023727748691099563 0.04401303538175045
2 0.34814659685863875 0.7802234636871509 0.11200000000000004 0.0935661080074488
0 0.6049790575916231 0.7485288640595903 0.021910994764397857 0.039320297951582886
0 0.6806649214659686 0.6082867783985102 0.022539267015706903 0.03573556797020494
0 0.5839842931937174 0.4780353817504655 0.0202931937172776 0.04008379888268152
0 0.5864240837696335 0.5540130353817505 0.014785340314136012 0.030558659217877034
2 0.3496073298429319 0.57268156424581 0.04535078534031408 0.07581936685288647
2 0.20727748691099476 0.5835381750465549 0.051848167539267 0.16455307262569835
0 0.5898429319371727 0.5861452513966481 0.012769633507853336 0.027541899441340716
2 0.23657068062827227 0.40139664804469277 0.060303664921466 0.1662942271880819
0 0.44074869109947645 0.5931750465549349 0.040230366492146556 0.09304469273743023
0 0.39567539267015706 0.5773836126629422 0.046937172774869154 0.0592364990689012
0 0.4576649214659686 0.7198044692737431 0.036193717277486846 0.07467411545623841
0 0.3825130890052356 0.6084450651769088 0.023094240837696282 0.06505586592178761