2 0.3763975155279503 0.42045454545454547 0.19006211180124225 0.5363636363636364
2 0.4220496894409938 0.6534090909090909 0.19440993788819877 0.1409090909090909
0 0.5262809227800123 0.4494814988875854 0.052174891117609784 0.0794948417325854
0 0.53466796875 0.3374564430930398 0.043365478515625 0.05664287913929333
0 0.50390625 0.30417979847301135 0.043121337890625 0.05784329501065341
0 0.5703125 0.4873130104758523 0.038970947265625 0.05474454706365412
0 0.5615234375 0.44041304154829547 0.040313720703125 0.055498296564275566
0 0.544921875 0.39105640758167615 0.042633056640625 0.058401627974076706
0 0.599609375 0.4388497092507102 0.037811279296875 0.05527496337890625
0 0.583984375 0.3915030739524148 0.0390625 0.056335796009410515
0 0.6123046875 0.33946644176136365 0.038177490234375 0.05558204650878906
0 0.576171875 0.3387964422052557 0.040252685546875 0.05558204650878906
0 0.580078125 0.5757529518821023 0.034942626953125 0.048574967817826706
0 0.63232421875 0.43683971058238635 0.034881591796875 0.054660797119140625
0 0.5693359375 0.5346596457741477 0.0374755859375 0.051422465931285515
0 0.650390625 0.38524974476207385 0.034759521484375 0.053823297674005684
0 0.66357421875 0.4276830499822443 0.0330810546875 0.05312538146972656
0 0.497802734375 0.21886652166193182 0.040771484375 0.058736627752130684
0 0.50927734375 0.2557164972478693 0.0401611328125 0.05373954772949219
0 0.60546875 0.48820634321732953 0.036224365234375 0.05281829833984375
0 0.6015625 0.2887698086825284 0.0379638671875 0.05281829833984375
0 0.60986328125 0.5703929554332386 0.0343017578125 0.04634163596413352
0 0.63818359375 0.4855263449928977 0.034698486328125 0.051422465931285515
0 0.66357421875 0.4730196866122159 0.03289794921875 0.04952413385564631
0 0.5498046875 0.24365650523792615 0.04052734375 0.055498296564275566
0 0.63916015625 0.5672662908380682 0.03204345703125 0.04622996937144886
0 0.56103515625 0.2889931418678977 0.041778564453125 0.05591704628684304
0 0.6357421875 0.28809980912642047 0.0352783203125 0.05105954950506037
0 0.48388671875 0.1842498779296875 0.038116455078125 0.05538662997159091
0 0.5439453125 0.5677129572088068 0.038116455078125 0.061584125865589485
0 0.6728515625 0.3354464444247159 0.0305023193359375 0.04720705205743963
0 0.6064453125 0.5333196466619318 0.0345458984375 0.04924496737393466
0 0.62353515625 0.24276317249644885 0.03460693359375 0.047486218539151276
0 0.57275390625 0.20356819846413352 0.03790283203125 0.050194133411754265
0 0.58984375 0.2420931729403409 0.038116455078125 0.04913330078125
0 0.517578125 0.1653782237659801 0.03875732421875 0.04849121787331321
0 0.6162109375 0.6061262650923296 0.030914306640625 0.04452705383300781
0 0.65283203125 0.2508031671697443 0.03192138671875 0.04461080377752131
0 0.6064453125 0.20245153253728693 0.035491943359375 0.050277883356267754
0 0.63720703125 0.5297463156960227 0.03125 0.04756996848366477
0 0.640625 0.2099331942471591 0.033477783203125 0.04187497225674716
0 0.67626953125 0.38122974742542615 0.031982421875 0.04695580222389915
0 0.689453125 0.4209830544211648 0.02838134765625 0.047932884909889915
0 0.47509765625 0.1515315662730824 0.0369873046875 0.05292996493252841
0 0.66796875 0.5132196599786932 0.0300445556640625 0.046509135853160515
2 0.5634765625 0.7548661665482954 0.1334228515625 0.09139910611239346
0 0.6650390625 0.2921198064630682 0.0299835205078125 0.047932884909889915
0 0.6064453125 0.14672990278764206 0.034088134765625 0.043019554831764915
0 0.625 0.1768798828125 0.0333251953125 0.0432708046653054
0 0.642578125 0.5927262739701704 0.0299224853515625 0.04187497225674716
0 0.5537109375 0.16280989213423294 0.0364990234375 0.04416413740678267
0 0.365234375 0.6503462357954546 0.0261077880859375 0.03179706226695667
0 0.471923828125 0.11870158802379262 0.0352783203125 0.0397812236439098
0 0.58984375 0.16749988902698865 0.034698486328125 0.04349413785067471
2 0.271484375 0.535552978515625 0.06634521484375 0.16716488924893466
0 0.689453125 0.4631930264559659 0.0274810791015625 0.04494580355557529
0 0.59521484375 0.11825492165305397 0.03131103515625 0.0333603945645419
0 0.54248046875 0.13243657892400568 0.035552978515625 0.0431870547207919
0 0.5751953125 0.13533991033380682 0.033660888671875 0.0432708046653054
0 0.66943359375 0.5516329678622159 0.0279083251953125 0.04441538724032315
0 0.529296875 0.10306826504794034 0.0328369140625 0.03754789179021662
0 0.63916015625 0.6521329012784091 0.026153564453125 0.03615205938165838
0 0.619140625 0.3892697420987216 0.036285400390625 0.05516329678622159
0 0.69140625 0.5038396661931818 0.025909423828125 0.043661637739701706
0 0.5615234375 0.10558076338334517 0.03033447265625 0.03322081132368608
0 0.6181640625 0.6351595791903409 0.0271759033203125 0.036431225863370026
0 0.5908203125 0.6400729092684659 0.03143310546875 0.038497057828036224
0 0.587890625 0.6092529296875 0.03204345703125 0.04268455505371094
0 0.64306640625 0.6222062544389204 0.0282745361328125 0.03844122453169389
0 0.5068359375 0.13288324529474432 0.034942626953125 0.046592885797674004
0 0.60302734375 0.6878662109375 0.02630615234375 0.035202893343838776
0 0.53564453125 0.201446533203125 0.0394287109375 0.04932871731844815
0 0.62109375 0.692779541015625 0.0247039794921875 0.03143414584073154
0 0.494140625 0.10362659801136363 0.03314208984375 0.03704539212313565
0 0.689453125 0.5744129527698864 0.02288818359375 0.03983705694025213
0 0.68701171875 0.6047862659801136 0.0228424072265625 0.03525872664018111
0 0.6640625 0.643646240234375 0.024658203125 0.03587289289994673
0 0.66748046875 0.5824529474431818 0.0271148681640625 0.03712914206764915
0 0.6201171875 0.6637462269176136 0.0257568359375 0.03204831210049716
0 0.69140625 0.5377863103693182 0.0231475830078125 0.039920806884765625
0 0.66650390625 0.6123795942826704 0.02423095703125 0.03587289289994673
2 0.20947265625 0.5712862881747159 0.054595947265625 0.15677989612926135
0 0.6484375 0.6758062189275568 0.0241851806640625 0.0382737246426669
0 0.43896484375 0.14516657049005682 0.034759521484375 0.059183294122869316
0 0.68359375 0.6262262517755682 0.021484375 0.03497956015846946
2 0.33935546875 0.20669486305930398 0.10723876953125 0.12272158536044034
2 0.271484375 0.73699951171875 0.052825927734375 0.10061160000887784
0 0.6806640625 0.7146661931818182 0.02886962890625 0.04776538502086292