0 0.5020942408376964 0.3063314711359404 0.04397905759162304 0.055865921787709494
2 0.3958115183246073 0.5716945996275605 0.1382198952879581 0.10986964618249534
2 0.4536649214659686 0.6955307262569832 0.14712041884816754 0.1191806331471136
2 0.490523560209424 0.7628212290502793 0.09146073298429316 0.10654562383612669
2 0.2937853403141361 0.2820577281191806 0.08421989528795809 0.10162011173184356
0 0.5312513089005236 0.338659217877095 0.04272251308900519 0.05785847299813779
0 0.5068376963350785 0.25725325884543765 0.040376963350785285 0.053538175046554934
0 0.5405287958115184 0.39097765363128495 0.04492146596858642 0.056769087523277494
0 0.5722670157068063 0.34082867783985105 0.04031413612565445 0.055167597765363126
0 0.5581047120418848 0.29242085661080075 0.04183769633507846 0.05818435754189945
0 0.5463874345549737 0.2459590316573557 0.04025130890052362 0.05538175046554936
0 0.49536125654450264 0.2206703910614525 0.04131937172774873 0.058612662942271895
0 0.580565445026178 0.3920670391061452 0.038910994764397994 0.05475791433891998
0 0.6083979057591623 0.3397486033519553 0.03845026178010474 0.05283054003724395
0 0.5961937172774869 0.43982309124767227 0.038607329842931824 0.05403165735567968
0 0.5551780104712042 0.4411266294227188 0.043214659685863854 0.05445996275605215
0 0.5976544502617801 0.29090316573556796 0.03845026178010474 0.05153631284916203
0 0.5854502617801047 0.24487895716945995 0.038026178010471264 0.04971135940409682
0 0.6157225130890053 0.39011173184357545 0.03607329842931942 0.052532588454376125
0 0.5698219895287958 0.2044972067039106 0.03817801047120423 0.04944134078212293
0 0.4819319371727749 0.18517690875232773 0.03970157068062823 0.05122905027932959
0 0.6289057591623037 0.4378677839851024 0.03430366492146596 0.05193668528864057
0 0.599607329842932 0.4875791433891992 0.038026178010471264 0.05085661080074483
0 0.6401361256544503 0.3371415270018622 0.03338743455497381 0.049823091247672244
0 0.6196282722513089 0.2474860335195531 0.03561256544502617 0.04732774674115457
0 0.6484397905759163 0.3838175046554935 0.03372251308900516 0.050856610800744884
0 0.5151361256544502 0.1678119180633147 0.03839267015706802 0.04849162011173183
0 0.532717277486911 0.20406890130353816 0.03817801047120423 0.05077281191806334
0 0.657717277486911 0.42810055865921787 0.03125130890052359 0.049255121042830516
0 0.6332984293193716 0.4867132216014898 0.03347643979057594 0.049627560521415225
0 0.6293926701570681 0.29176908752327746 0.0331413612565446 0.04867783985102418
0 0.5502931937172775 0.16694599627560522 0.03710994764397912 0.04477653631284919
0 0.6596701570680629 0.474562383612663 0.031020942408376963 0.04867783985102424
0 0.6596701570680629 0.29350093109869646 0.03204188481675383 0.04608007448789572
0 0.6035130890052356 0.2026536312849162 0.035675392670157 0.04914338919925515
0 0.4741204188481676 0.15131284916201115 0.03607329842931942 0.04276536312849163
0 0.6054712041884817 0.6043761638733706 0.03143455497382197 0.041983240223463614
0 0.668455497382199 0.3380074487895717 0.03130890052356031 0.04686219739292369
0 0.6484397905759163 0.25247672253258846 0.030916230366492242 0.04385474860335198
0 0.5859371727748691 0.16835195530726257 0.0352198952879581 0.04181564245810053
0 0.6337905759162303 0.21470204841713222 0.03365968586387433 0.04352886405959032
0 0.6010732984293193 0.5305679702048417 0.03594764397905752 0.0493296089385475
0 0.6303717277486911 0.6260893854748603 0.030104712041884817 0.04032588454376159
0 0.6381832460732985 0.5270949720670391 0.031738219895287904 0.0461545623836126
0 0.46362303664921467 0.121024208566108 0.033968586387434614 0.045996275605214146
0 0.5039057591623037 0.1347020484171322 0.03622513089005239 0.04293296089385476
0 0.6645497382198953 0.5153724394785847 0.029816753926701474 0.0465083798882682
0 0.6044921465968586 0.572243947858473 0.033261780104712146 0.044096834264431936
0 0.5385759162303665 0.13589385474860335 0.03442408376963351 0.04054003724394786
0 0.6035130890052356 0.14675046554934823 0.03436125654450267 0.038286778398510246
0 0.6332984293193716 0.5679050279329608 0.03079057591623034 0.04268156424580998
0 0.4936544502617801 0.10962756052141527 0.032471204188481664 0.04268156424581006
0 0.6748062827225132 0.38337988826815644 0.029984293193717267 0.0467783985102421
0 0.5263664921465969 0.10512104283054004 0.032717277486911 0.03658286778398511
0 0.6332984293193716 0.5995996275605214 0.02701047120418856 0.0412476722532588
0 0.6855445026178011 0.42462756052141526 0.028931937172774983 0.04795158286778398
0 0.5727539267015707 0.13730912476722532 0.03494240837696324 0.04173184357541899
0 0.5585916230366492 0.1082216014897579 0.031083769633507796 0.03253258845437615
0 0.592282722513089 0.12124767225325885 0.03216753926701574 0.034217877094972066
0 0.6845706806282722 0.4723836126629423 0.026811518324607347 0.04425512104283057
0 0.6191413612565445 0.1787709497206704 0.0331413612565446 0.03851024208566109
0 0.6591780104712042 0.5544506517690876 0.026350785340314098 0.04148975791433887
0 0.6586910994764398 0.5852700186219739 0.02711518324607328 0.03940409683426437
0 0.6865235602094241 0.5136312849162011 0.02591099476439779 0.041080074487895614
0 0.6601570680628273 0.6121973929236499 0.02442931937172767 0.033296089385474854
0 0.6821308900523559 0.5501024208566108 0.02532984293193723 0.03872439478584722
0 0.5874031413612566 0.5201489757914339 0.022795811518324587 0.03947858472998146
2 0.34668062827225127 0.7797858472998138 0.10992670157068064 0.09053072625698326
0 0.6816387434554975 0.5813687150837988 0.02258115183246079 0.035549348230912534
2 0.22180104712041884 0.6360707635009311 0.02958638743455497 0.05600558659217886
0 0.6245130890052356 0.7272532588454377 0.025178010471204264 0.045046554934823194
0 0.681151832460733 0.6078491620111732 0.022031413612565408 0.03440409683426447
0 0.6049790575916231 0.7485288640595903 0.02152879581151827 0.03910614525139665
0 0.5942408376963351 0.5609590316573557 0.024094240837696325 0.034217877094972066
0 0.6430680628272252 0.7207355679702049 0.02276439790575917 0.04392923649906896
0 0.5844712041884816 0.47890130353817506 0.019989528795811434 0.041163873370577315
2 0.34985340314136126 0.573119180633147 0.04553403141361258 0.07538175046554939
0 0.5903298429319371 0.5861452513966481 0.012926701570680656 0.028277467411545524
2 0.2712408376963351 0.2904655493482309 0.03161780104712044 0.06740223463687149
2 0.23632984293193718 0.40248603351955303 0.06152356020942408 0.16802607076350096
2 0.4279790575916231 0.8036685288640596 0.1217015706806283 0.15966480446927375