2 0.36200621118012427 0.35495454545454547 0.21470186335403732 0.48187499999999994
0 0.5217391304347826 0.4465909090909091 0.040993788819875775 0.056818181818181816
0 0.5039068322981366 0.3039545454545455 0.042968944099378924 0.05717045454545452
0 0.5703105590062112 0.4868636363636364 0.038906832298136705 0.055500000000000035
0 0.5610372670807453 0.44019318181818184 0.04016149068322986 0.056034090909090846
0 0.5761739130434782 0.33835227272727275 0.04052795031055901 0.05622727272727275
0 0.5092795031055901 0.2554886363636364 0.040006211180124276 0.05293181818181816
0 0.5610372670807453 0.2892159090909091 0.0422360248447205 0.05622727272727275
0 0.5996086956521739 0.43885227272727273 0.03768944099378886 0.055500000000000035
0 0.5839813664596274 0.39149999999999996 0.038968944099378885 0.0566477272727273
0 0.6123043478260869 0.33902272727272725 0.03796273291925459 0.055579545454545416
0 0.5693354037267081 0.5346590909090909 0.038024844720496914 0.052624999999999936
0 0.6323229813664596 0.43661363636363637 0.03506211180124219 0.055079545454545485
0 0.49780124223602484 0.21830681818181819 0.04098757763975156 0.05873863636363636
0 0.6015652173913043 0.2885454545454545 0.03796273291925459 0.052818181818181806
0 0.5800807453416149 0.57575 0.035279503105590033 0.04821590909090903
0 0.6635714285714285 0.4272386363636364 0.033385093167701864 0.05331818181818177
0 0.6054658385093168 0.48776136363636363 0.036559006211180065 0.05351136363636367
0 0.5498074534161491 0.2434318181818182 0.04052795031055901 0.055159090909090935
0 0.6503913043478261 0.38502272727272724 0.03494409937888205 0.05362499999999993
0 0.6352546583850932 0.28810227272727273 0.0352795031055901 0.05105681818181819
0 0.6098633540372671 0.5703977272727273 0.03418012422360247 0.04668181818181823
0 0.5898447204968944 0.24231818181818182 0.038024844720496914 0.04925000000000004
0 0.6064472049689441 0.20278409090909089 0.03634782608695651 0.05067045454545458
0 0.6376956521739131 0.48507954545454546 0.0347577639751553 0.05153409090909093
0 0.5727515527950311 0.20356818181818181 0.03796273291925459 0.05019318181818184
0 0.6625962732919255 0.47302272727272726 0.03360248447204963 0.04952272727272732
0 0.6391614906832298 0.5672613636363636 0.03222360248447212 0.04676136363636361
0 0.6235341614906833 0.24320454545454548 0.03481987577639755 0.04812500000000003
0 0.6064472049689441 0.5337613636363636 0.0347577639751553 0.0496022727272727
0 0.6528322981366459 0.25035227272727273 0.03204347826086965 0.04442045454545458
0 0.5356459627329192 0.20144318181818183 0.03927329192546585 0.04940909090909093
0 0.6645527950310559 0.2923409090909091 0.02981366459627329 0.048318181818181795
0 0.672360248447205 0.3356704545454545 0.03056521739130437 0.04712500000000003
0 0.5175776397515528 0.1657159090909091 0.03875776397515534 0.048318181818181816
2 0.5546894409937888 0.7539772727272728 0.1579565217391304 0.09256818181818185
0 0.6406273291925466 0.20960227272727272 0.03301863354037265 0.04226136363636363
0 0.47485093167701864 0.15075 0.03671428571428565 0.05161363636363638
0 0.48363975155279504 0.18581818181818183 0.038024844720496914 0.05751136363636365
0 0.6167018633540372 0.6056818181818182 0.030732919254658396 0.04432954545454544
0 0.5537080745341615 0.1630340909090909 0.036496894409937884 0.044420454545454534
0 0.6191428571428571 0.38927272727272727 0.03644099378881985 0.05538636363636364
0 0.6367204968944099 0.5292954545454546 0.03149689440993791 0.048045454545454516
0 0.6679689440993789 0.5127727272727273 0.03010559006211168 0.04668181818181823
0 0.5898447204968944 0.1675 0.0348819875776398 0.04310227272727273
0 0.6894534161490683 0.42098863636363637 0.028490683229813598 0.048318181818181795
0 0.6064472049689441 0.14617045454545455 0.033968944099378916 0.04268181818181818
0 0.625 0.176875 0.03354037267080745 0.042852272727272704
0 0.6425776397515528 0.5931704545454546 0.03037888198757762 0.042045454545454546
0 0.5869130434782608 0.67625 0.02981366459627329 0.03813636363636357
0 0.4719254658385093 0.11847727272727274 0.035552795031055906 0.03969318181818183
0 0.5068385093167702 0.13221590909090908 0.035490683229813726 0.04614772727272729
0 0.6889627329192547 0.46275000000000005 0.027906832298136543 0.04477272727272725
0 0.5288074534161491 0.10345454545454547 0.03290062111801244 0.03671590909090909
0 0.5424782608695652 0.13310227272727274 0.03607453416149064 0.042772727272727254
0 0.5751925465838509 0.1347840909090909 0.03354037267080745 0.04285227272727274
0 0.6694347826086956 0.5520795454545454 0.0281055900621118 0.04477272727272725
2 0.2727080745341615 0.5351022727272727 0.0667142857142857 0.16717045454545448
0 0.5913105590062112 0.6400681818181818 0.031552795031055875 0.038579545454545505
0 0.6767577639751552 0.38122727272727275 0.03124844720496891 0.047204545454545416
0 0.5952173913043478 0.11847727272727274 0.031614906832298194 0.03434090909090909
0 0.6914037267080746 0.5033977272727272 0.02600000000000008 0.04382954545454551
0 0.5615217391304348 0.10535227272727272 0.03085093167701868 0.033363636363636345
0 0.5864285714285714 0.6141704545454546 0.031677018633540374 0.0431022727272728
0 0.6171863354037267 0.634715909090909 0.02645962732919249 0.03587499999999993
0 0.6025403726708075 0.6883181818181818 0.0265527950310559 0.034113636363636346
2 0.3601055900621118 0.794625 0.15429813664596273 0.13332954545454537
0 0.6430683229813664 0.6231022727272728 0.0281055900621118 0.03804545454545456
0 0.621583850931677 0.6927840909090909 0.025267080745341654 0.03252272727272715
0 0.43872049689440995 0.1449431818181818 0.035279503105590033 0.0591818181818182
0 0.6396459627329192 0.6534772727272726 0.025223602484472057 0.03984090909090903
0 0.6186521739130435 0.6624090909090908 0.027527950310558966 0.03277272727272718
0 0.6914037267080746 0.537784090909091 0.023378881987577562 0.04109090909090905
0 0.6865217391304348 0.6052272727272727 0.023242236024844765 0.03635227272727274
0 0.6894534161490683 0.5735227272727272 0.02309937888198761 0.04139772727272722
0 0.6254906832298136 0.6771477272727272 0.026260869565217445 0.033477272727272765
0 0.6718757763975155 0.6548181818181819 0.021285714285714276 0.030340909090909144
0 0.6669937888198757 0.6119318181818182 0.024795031055900665 0.037045454545454444
0 0.6679689440993789 0.5878181818181818 0.024931677018633462 0.03804545454545456
0 0.6503913043478261 0.6691022727272726 0.02298136645962733 0.030818181818181693
0 0.6835962732919254 0.6266704545454546 0.021776397515527915 0.03545454545454551
2 0.3383788819875776 0.20456818181818184 0.1061428571428571 0.1195909090909091
2 0.2722173913043478 0.2802840909090909 0.03247204968944098 0.07872727272727276
2 0.2072732919254658 0.5686022727272727 0.05282608695652171 0.15879545454545455
0 0.6811552795031056 0.7133295454545455 0.027695652173913135 0.044159090909090794
2 0.2712422360248447 0.737 0.04922360248447205 0.10117045454545451
2 0.5634782608695652 0.7213636363636363 0.09533540372670808 0.0512499999999999
2 0.4311739130434783 0.6497727272727272 0.24100621118012422 0.11553409090909099
0 0.4615900621118012 0.6776704545454546 0.04466459627329197 0.0554545454545454
0 0.3761987577639751 0.6662613636363636 0.028819875776397573 0.051340909090909166