2 0.3749482528023097 0.3570308499541678 0.2302277685445781 0.44436472732144366
2 0.2680722744176303 0.2908656339716209 0.043450216710159945 0.09624924546046248
2 0.42480338084801983 0.6672517523892416 0.24570058557419716 0.13452065264327498
0 0.5207344283758504 0.4462350332840564 0.04837889456393331 0.08480385467274723
0 0.50390625 0.30462646484375 0.042816162109375 0.05817829478870739
0 0.509765625 0.25593983043323865 0.040008544921875 0.053627881136807526
0 0.576171875 0.3387964422052557 0.040313720703125 0.055693713101473724
0 0.59912109375 0.4388497092507102 0.0374755859375 0.0550795468417081
0 0.5615234375 0.2887698086825284 0.041534423828125 0.05538662997159091
0 0.583984375 0.3915030739524148 0.0390625 0.05644746260209517
0 0.6015625 0.2885464754971591 0.038116455078125 0.05212038213556463
0 0.6123046875 0.33857310901988635 0.03790283203125 0.05558204650878906
0 0.6328125 0.43661637739701703 0.034942626953125 0.054660797119140625
0 0.497802734375 0.21830818869850852 0.04052734375 0.058289961381392044
0 0.60546875 0.4877596768465909 0.03594970703125 0.05251121520996094
0 0.66357421875 0.4276830499822443 0.032958984375 0.05231579867276279
0 0.650390625 0.38502641157670453 0.034942626953125 0.05373954772949219
0 0.6357421875 0.28787647594105115 0.0352783203125 0.05105954950506037
0 0.5498046875 0.24365650523792615 0.04052734375 0.05591704628684304
0 0.58984375 0.2418698397549716 0.03790283203125 0.04877038435502486
0 0.6376953125 0.4850796786221591 0.033843994140625 0.05223204872824929
0 0.60986328125 0.5699462890625 0.0341796875 0.0466766357421875
0 0.6064453125 0.20245153253728693 0.035888671875 0.050277883356267754
0 0.66357421875 0.4730196866122159 0.03271484375 0.049049550836736504
0 0.6064453125 0.5337663130326704 0.03448486328125 0.04924496737393466
0 0.57275390625 0.2031215320933949 0.037750244140625 0.050194133411754265
0 0.67236328125 0.3349997780539773 0.0305633544921875 0.0466766357421875
0 0.62353515625 0.24276317249644885 0.03460693359375 0.047681635076349434
0 0.63916015625 0.5672662908380682 0.03228759765625 0.0466766357421875
0 0.6650390625 0.2923431396484375 0.0301055908203125 0.04756996848366477
0 0.65283203125 0.25102650035511365 0.0321044921875 0.04494580355557529
0 0.640625 0.2095981944691051 0.033599853515625 0.04204247214577415
0 0.48388671875 0.1855898770419034 0.0379638671875 0.0569778789173473
0 0.47509765625 0.1509732333096591 0.03704833984375 0.05114329944957386
0 0.517578125 0.1651548905806108 0.038604736328125 0.047681635076349434
0 0.63671875 0.5292996493252841 0.03155517578125 0.04776538502086292
0 0.61669921875 0.6061262650923296 0.0312042236328125 0.04511330344460227
0 0.5537109375 0.16280989213423294 0.03643798828125 0.04433163729580966
0 0.58984375 0.1678348888050426 0.034820556640625 0.0437453876842152
0 0.68896484375 0.4209830544211648 0.02886962890625 0.047932884909889915
0 0.66796875 0.5127729936079546 0.0299224853515625 0.046592885797674004
0 0.6064453125 0.14728823575106534 0.033905029296875 0.043996637517755684
0 0.642578125 0.5922796075994318 0.0302734375 0.042768304998224434
0 0.625 0.1768798828125 0.033599853515625 0.0431870547207919
0 0.67626953125 0.38145308061079547 0.0318603515625 0.04703955216841264
2 0.5634765625 0.7548661665482954 0.1370849609375 0.09469327059659091
0 0.471923828125 0.11870158802379262 0.03521728515625 0.039474140514026985
0 0.50732421875 0.132659912109375 0.035491943359375 0.04597871953790838
0 0.689453125 0.4627463600852273 0.0276336669921875 0.044247887351296165
0 0.52880859375 0.10401743108575995 0.03277587890625 0.03749205849387429
0 0.5751953125 0.13478157737038352 0.033843994140625 0.042768304998224434
0 0.54248046875 0.13288324529474432 0.03582763671875 0.042768304998224434
0 0.53564453125 0.201446533203125 0.0394287109375 0.04913330078125
0 0.5908203125 0.6405195756392046 0.0321044921875 0.03894372419877486
0 0.494384765625 0.10440826416015625 0.03302001953125 0.038050391457297585
0 0.6689453125 0.5516329678622159 0.0279083251953125 0.044247887351296165
0 0.69140625 0.5038396661931818 0.025909423828125 0.04416413740678267
0 0.59521484375 0.11825492165305397 0.03167724609375 0.0339187275279652
0 0.61767578125 0.6342662464488636 0.0276947021484375 0.037994558160955254
0 0.587890625 0.6088062633167614 0.03192138671875 0.04170747236772017
0 0.56103515625 0.10518993030894887 0.030792236328125 0.03361164439808239
2 0.366943359375 0.7946194735440341 0.177001953125 0.14516657049005682
0 0.64306640625 0.6208662553267046 0.028594970703125 0.039920806884765625
2 0.271728515625 0.5359996448863636 0.06597900390625 0.16962155428799716
0 0.689453125 0.5739662863991477 0.023284912109375 0.040702473033558235
0 0.63916015625 0.6507929021661932 0.0257110595703125 0.038050391457297585
0 0.69140625 0.5373396439985796 0.0233306884765625 0.04131663929332386
0 0.43896484375 0.14516657049005682 0.034698486328125 0.0589599609375
0 0.66357421875 0.643646240234375 0.0240936279296875 0.03648705915971236
2 0.2091064453125 0.5721796209161932 0.055816650390625 0.15823156183416193
0 0.66845703125 0.5878129438920454 0.025177001953125 0.039306640625
0 0.68701171875 0.6052329323508523 0.0229339599609375 0.03567747636274858
0 0.66650390625 0.6119329279119318 0.02447509765625 0.036766225641424004
0 0.68359375 0.6262262517755682 0.0214080810546875 0.03567747636274858
2 0.340087890625 0.20702986283735794 0.109130859375 0.12294491854580966
2 0.67333984375 0.7115395285866477 0.045684814453125 0.1075349287553267
2 0.271484375 0.7374461780894886 0.050048828125 0.10290076515891335