2 0.3801242236024845 0.39545454545454545 0.18881987577639753 0.4863636363636364
0 0.5079254658385093 0.3050568181818182 0.06598757763975156 0.08670454545454544
0 0.5761739130434782 0.3385681818181818 0.040621118012422415 0.056340909090909136
0 0.5097639751552795 0.25460227272727276 0.040006211180124276 0.05251136363636361
0 0.5502919254658385 0.24254545454545454 0.04077018633540379 0.05393181818181816
0 0.6123043478260869 0.33902272727272725 0.03823602484472046 0.055920454545454586
0 0.6015652173913043 0.28898863636363636 0.03832919254658387 0.053738636363636356
0 0.5444347826086956 0.3912840909090909 0.043031055900621104 0.0587386363636363
0 0.5610372670807453 0.28898863636363636 0.0422360248447205 0.05634090909090911
0 0.49755900621118015 0.21830681818181819 0.04083229813664597 0.05862500000000004
0 0.5839813664596274 0.3912840909090909 0.03927329192546585 0.05655681818181816
0 0.5708012422360248 0.4873181818181818 0.038968944099378885 0.055079545454545485
0 0.6352546583850932 0.28854545454545455 0.035155279503105534 0.05161363636363638
0 0.5727515527950311 0.203125 0.03781366459627336 0.04988636363636361
0 0.5610372670807453 0.44019318181818184 0.04025465838509314 0.0558068181818182
0 0.5693354037267081 0.5346590909090909 0.03790062111801241 0.0518409090909091
0 0.5898447204968944 0.2416477272727273 0.0381801242236025 0.04868181818181815
0 0.6064472049689441 0.20211363636363638 0.035552795031055906 0.0496022727272727
0 0.5996086956521739 0.43885227272727273 0.03796273291925459 0.055579545454545416
0 0.6508819875776398 0.38502272727272724 0.03506211180124219 0.05404545454545461
0 0.5175776397515528 0.165375 0.038968944099378885 0.04857954545454545
0 0.6235341614906832 0.24298863636363638 0.03442236024844718 0.04768181818181816
0 0.5800807453416149 0.57575 0.03506211180124227 0.048409090909090936
0 0.6323229813664596 0.43661363636363637 0.03469565217391305 0.05454545454545454
0 0.48388819875776395 0.18425 0.03823602484472046 0.0558068181818182
0 0.5356459627329192 0.2017840909090909 0.03933540372670803 0.05074999999999996
0 0.6054658385093168 0.48776136363636363 0.036496894409937884 0.05301136363636361
0 0.6635714285714285 0.4276818181818182 0.0329006211180123 0.052931818181818226
0 0.47509937888198756 0.15186363636363634 0.03683229813664594 0.053125
0 0.5537080745341615 0.16247727272727272 0.036559006211180065 0.04407954545454546
0 0.6528322981366459 0.2508068181818182 0.03204347826086965 0.04511363636363635
0 0.6728509316770186 0.33544318181818183 0.030962732919254603 0.04712500000000003
0 0.6376956521739131 0.48507954545454546 0.033968944099378916 0.052125000000000005
0 0.6064472049689441 0.5333181818181818 0.03506211180124227 0.04940909090909093
0 0.6098633540372671 0.5699431818181818 0.03500621118012416 0.04651136363636358
0 0.6406273291925466 0.2099318181818182 0.033080745341614974 0.04179545454545452
0 0.6630869565217391 0.47302272727272726 0.03271428571428576 0.04904545454545451
0 0.6650372670807454 0.29212499999999997 0.030335403726708166 0.04785227272727274
0 0.5898447204968944 0.16717045454545457 0.0348819875776398 0.043272727272727254
0 0.6391614906832298 0.5668181818181818 0.031614906832298194 0.04642045454545457
0 0.6064472049689441 0.14728409090909092 0.03442236024844725 0.04400000000000002
0 0.6245093167701864 0.1766590909090909 0.033204968944099404 0.04252272727272729
0 0.6367204968944099 0.52975 0.031614906832298194 0.04748863636363632
0 0.6767577639751552 0.3807840909090909 0.031614906832298194 0.04668181818181823
0 0.6894534161490683 0.4205340909090909 0.0285465838509317 0.04748863636363632
0 0.6167018633540372 0.606125 0.030962732919254603 0.044159090909090794
0 0.47167701863354033 0.119375 0.03494409937888198 0.040227272727272737
2 0.5664037267080745 0.7553181818181818 0.12854037267080748 0.09296590909090903
0 0.5292981366459627 0.10329545454545455 0.0325341614906833 0.03704545454545454
0 0.6674782608695653 0.5127727272727273 0.030211180124223525 0.046875
0 0.5751925465838509 0.1353409090909091 0.03354037267080745 0.043272727272727254
0 0.5419937888198758 0.13332954545454548 0.03500621118012416 0.0426818181818182
0 0.5869130434782608 0.67625 0.030335403726708024 0.03835227272727273
0 0.5952173913043478 0.11825000000000001 0.03191925465838515 0.033613636363636346
0 0.5068385093167702 0.13265909090909092 0.03460869565217393 0.046954545454545464
0 0.6430683229813664 0.5927272727272728 0.02981366459627329 0.041954545454545474
0 0.6894534161490683 0.46275000000000005 0.027434782608695696 0.04407954545454541
0 0.5615217391304348 0.10535227272727272 0.030732919254658396 0.03347727272727274
0 0.36474534161490685 0.650340909090909 0.026354037267080785 0.031795454545454564
0 0.5869130434782608 0.6097045454545454 0.034086956521739195 0.04348863636363634
2 0.2717267080745342 0.5355568181818182 0.0657329192546584 0.16717045454545457
0 0.668944099378882 0.5516363636363636 0.02773913043478252 0.04469318181818187
0 0.6914037267080746 0.5038409090909091 0.02600000000000008 0.044159090909090926
2 0.36327950310559004 0.7968522727272728 0.16943478260869563 0.13957954545454537
0 0.5908198757763975 0.6405227272727272 0.03198136645962733 0.03886363636363641
0 0.6396459627329192 0.6539204545454546 0.02546583850931677 0.03886363636363641
0 0.4943850931677019 0.10329545454545455 0.0329565217391304 0.03635227272727274
0 0.6176770186335404 0.634715909090909 0.02732919254658385 0.03748863636363638
0 0.6430683229813664 0.6217613636363636 0.028658385093167694 0.03924999999999996
0 0.6030248447204969 0.6887613636363636 0.026198757763975195 0.0349772727272727
0 0.43872049689440995 0.1441590909090909 0.03481987577639748 0.05873863636363635
0 0.621583850931677 0.6936704545454545 0.024701863354037255 0.030340909090909144
0 0.6889627329192547 0.574409090909091 0.02309937888198761 0.04078409090909096
0 0.6914037267080746 0.5373409090909091 0.02319254658385102 0.04109090909090905
0 0.6718757763975155 0.6552613636363637 0.02091925465838499 0.0312954545454545
0 0.6674782608695653 0.5828977272727274 0.02711180124223608 0.03763636363636358
0 0.6870124223602484 0.6047840909090909 0.022931677018633585 0.036011363636363695
0 0.6201180124223602 0.6637500000000001 0.026409937888198745 0.03290909090909095
0 0.6669937888198757 0.612375 0.024614906832298205 0.03671590909090903
0 0.581055900621118 0.6583863636363636 0.023024844720496856 0.03671590909090903
0 0.6835962732919254 0.6266704545454546 0.021409937888198633 0.03486363636363644
0 0.6508819875776398 0.6695568181818182 0.021086956521739017 0.030954545454545464
0 0.6420869565217391 0.6874204545454545 0.024428571428571383 0.03727272727272722
2 0.33544720496894415 0.2066931818181818 0.10088819875776402 0.12138636363636363
2 0.21008074534161492 0.5703977272727272 0.05663975155279506 0.16023863636363628
2 0.2712422360248447 0.7356590909090909 0.051664596273291896 0.10155681818181832
0 0.6806645962732919 0.714215909090909 0.028807453416149136 0.04634090909090906
2 0.23522981366459628 0.3910568181818182 0.057801242236024813 0.17018181818181818
2 0.5644534161490683 0.7213636363636363 0.09332298136645963 0.050863636363636354
2 0.27075155279503105 0.28363636363636363 0.028931677018633566 0.07403409090909095
2 0.3422360248447205 0.6772727272727272 0.368944099378882 0.696590909090909 0.46273291925465837 0.7125 0.506832298136646 0.7113636363636363 0.5149068322981366 0.7068181818181818 0.5173913043478261 0.6534090909090909 0.5074534161490684 0.6034090909090909 0.49751552795031057 0.5954545454545455 0.45900621118012425 0.6 0.33975155279503105 0.5965909090909091 0.3298136645962733 0.6034090909090909 0.3248447204968944 0.6215909090909091 0.3248447204968944 0.6375 0.3422360248447205 0.6772727272727272