0 0.5080757530287897 0.2839851024208566 0.05489496155496168 0.10242085661080075
2 0.42674757815159914 0.5503867080859761 0.16280545802111365 0.1549092308762325
2 0.44140625 0.6899109455016295 0.12103271484375 0.11066145515086709
2 0.28955078125 0.26441520818784914 0.071044921875 0.1166856932684474
0 0.5068359375 0.25703415968342647 0.04052734375 0.053729691318959494
0 0.54052734375 0.3909784810725093 0.044921875 0.056551856923591715
0 0.572265625 0.3408307691748138 0.040313720703125 0.05516791032901246
0 0.55810546875 0.2924197745722765 0.04168701171875 0.05796293972590782
0 0.54638671875 0.24574549726489758 0.04010009765625 0.055276455159959846
0 0.495361328125 0.2208887309779446 0.0411376953125 0.05883129837348697
0 0.580078125 0.39206392938198326 0.038909912109375 0.05476086721295973
0 0.6083984375 0.3397453208653399 0.038543701171875 0.05261710680174872
0 0.59619140625 0.4400407446607309 0.0384521484375 0.05402818960406483
0 0.55517578125 0.44134328263209965 0.04345703125 0.054652322382012335
0 0.59814453125 0.29090014693901306 0.0384521484375 0.05164020332322218
0 0.61572265625 0.39011012242493015 0.036163330078125 0.05242715334759078
0 0.58544921875 0.24487713861731844 0.03802490234375 0.04971353257390596
0 0.56982421875 0.20449846150488826 0.038330078125 0.04952357911974802
0 0.481689453125 0.18517748159625233 0.0391845703125 0.05104320675301152
0 0.62890625 0.437869848041783 0.03424072265625 0.05202011023153806
0 0.599609375 0.487583380615689 0.0379638671875 0.05085325329885358
0 0.61962890625 0.24748221456005587 0.035736083984375 0.04732554629306331
0 0.64013671875 0.3371402449226024 0.0333251953125 0.04963212395069541
0 0.51513671875 0.16781030864466945 0.03839111328125 0.04860094805669518
0 0.6484375 0.38381452222998136 0.033660888671875 0.05085325329885358
0 0.65771484375 0.42810081325651766 0.0312042236328125 0.04914367221143215
0 0.63330078125 0.4867150219681099 0.033477783203125 0.04944217049653748
0 0.55029296875 0.1669419499970903 0.03704833984375 0.04477474276579958
0 0.65966796875 0.47455800090200184 0.0309600830078125 0.04860094805669518
0 0.62939453125 0.2917685055865922 0.033203125 0.048872310134063665
0 0.603515625 0.2026531993787826 0.035736083984375 0.04895371875727421
0 0.47412109375 0.1516371288335079 0.0360107421875 0.04317370650932553
0 0.66845703125 0.33779151390828677 0.0316162109375 0.04670141351511581
0 0.65966796875 0.2937223125436452 0.03204345703125 0.046240097983589384
0 0.6484375 0.2526923664455307 0.0310821533203125 0.04434056344201001
0 0.60546875 0.6043776187150838 0.03155517578125 0.041979713368904215
0 0.5859375 0.1686786672922486 0.0352783203125 0.041979713368904215
0 0.6337890625 0.21491876527583798 0.033843994140625 0.04401492894916783
0 0.60107421875 0.5305671336708566 0.0360107421875 0.04895371875727421
0 0.463623046875 0.12102748650634311 0.033905029296875 0.04556169279016818
0 0.63037109375 0.6260865849045624 0.0301513671875 0.04032440469695647
0 0.63818359375 0.5266595197567505 0.03167724609375 0.04615868936037884
0 0.50390625 0.13470413520571461 0.036224365234375 0.04284807201648336
0 0.66455078125 0.5153708573382216 0.029815673828125 0.04659286868416841
0 0.603515625 0.5718141694308659 0.03424072265625 0.04434056344201001
0 0.53271484375 0.2040642821810987 0.038116455078125 0.05115175158395892
0 0.603515625 0.14675261144087523 0.03448486328125 0.03850627877858764
0 0.53857421875 0.13589812834613593 0.034759521484375 0.04054149435885126
0 0.49365234375 0.10963027925686686 0.03253173828125 0.04244102890043063
0 0.6748046875 0.38338034290619183 0.0299224853515625 0.04670141351511581
0 0.5263671875 0.10490857911065526 0.032470703125 0.03622683732869239
0 0.685546875 0.4246273786662011 0.0289306640625 0.04786827044780028
0 0.63330078125 0.5996016461533985 0.02691650390625 0.04102994609811453
0 0.63330078125 0.5679065555167597 0.0305633544921875 0.042522437523641175
0 0.59228515625 0.1212445761682379 0.03216552734375 0.03389312346332344
0 0.55859375 0.10821919645455075 0.0310211181640625 0.0322378147913757
0 0.57275390625 0.13633230766992552 0.03460693359375 0.04054149435885126
0 0.6845703125 0.472387104283054 0.0268096923828125 0.04417774619558892
0 0.61962890625 0.17877333657035616 0.03302001953125 0.03850627877858764
0 0.6591796875 0.5540128171554934 0.02606201171875 0.041491261629640945
0 0.65869140625 0.5852737284683427 0.0271148681640625 0.03932036501069309
0 0.6865234375 0.5136341400430633 0.0257568359375 0.04094853747490398
0 0.66064453125 0.6126270258670856 0.024566650390625 0.03310617343895484
2 0.50341796875 0.7498276921845903 0.07684326171875 0.07413611953706936
0 0.68212890625 0.5501052032413873 0.025421142578125 0.03872336844048242
0 0.58740234375 0.5201468298999069 0.0225830078125 0.03902186672558776
0 0.681640625 0.5813661145542365 0.022796630859375 0.035331342473376395
0 0.68115234375 0.6078510533054003 0.0223236083984375 0.03408307691748138
2 0.347412109375 0.7797860655260708 0.11199951171875 0.0920460166433892
0 0.62451171875 0.7272503673475326 0.025177001953125 0.04512751346637861
0 0.58740234375 0.7541694854224861 0.0218658447265625 0.04024299607374593
0 0.60498046875 0.748090974889432 0.0217437744140625 0.03926609259521939
0 0.56884765625 0.7611163546031192 0.0196380615234375 0.03956459088032472
0 0.642578125 0.7207376774906891 0.0225830078125 0.043689294456325654
0 0.583984375 0.4788997941398976 0.01983642578125 0.04108421851358822
0 0.5869140625 0.5544469964792831 0.015716552734375 0.030908140612270135
2 0.349609375 0.5739850660498138 0.04510498046875 0.07538438509296438
2 0.2122802734375 0.5835370111731844 0.050140380859375 0.15706437038087756
0 0.5908203125 0.5861420871159218 0.0137939453125 0.028737243993322278