2 0.36832298136645963 0.38181818181818183 0.17267080745341615 0.45681818181818185
0 0.5043478260869565 0.3 0.043478260869565216 0.06818181818181818
0 0.5346708074534162 0.33745454545454545 0.04336645962732915 0.056863636363636325
0 0.5761739130434782 0.3385681818181818 0.04046583850931683 0.055920454545454586
0 0.5317391304347826 0.499375 0.03845341614906837 0.055579545454545416
0 0.5097639751552795 0.25527272727272726 0.040099378881987544 0.05293181818181816
0 0.5434596273291926 0.3901590909090909 0.04419254658385099 0.05739772727272726
0 0.5610372670807453 0.28898863636363636 0.04193167701863353 0.05603409090909094
0 0.6123043478260869 0.33902272727272725 0.03790062111801241 0.05569318181818181
0 0.5498074534161491 0.243875 0.040316770186335456 0.05569318181818181
0 0.6010745341614907 0.28854545454545455 0.03790062111801241 0.052625000000000005
0 0.5839813664596274 0.39149999999999996 0.038906832298136705 0.0566477272727273
0 0.5703105590062112 0.4873181818181818 0.03881987577639751 0.05538636363636364
0 0.6357391304347826 0.287875 0.0352795031055901 0.05075000000000003
0 0.5996086956521739 0.43885227272727273 0.03775155279503104 0.05527272727272726
0 0.5610372670807453 0.44019318181818184 0.040006211180124276 0.05569318181818181
0 0.49780124223602484 0.21830681818181819 0.04052795031055901 0.058397727272727254
0 0.5898447204968944 0.24231818181818182 0.03796273291925459 0.04896590909090913
0 0.5693354037267081 0.5351022727272727 0.03781366459627336 0.05243181818181817
0 0.5727515527950311 0.20356818181818181 0.03781366459627336 0.05027272727272728
0 0.6069316770186335 0.20278409090909089 0.036621118012422384 0.05114772727272726
0 0.6503913043478261 0.38502272727272724 0.03488198757763973 0.05373863636363632
0 0.6054658385093168 0.48820454545454545 0.036440993788819924 0.05351136363636367
0 0.6323229813664596 0.43661363636363637 0.035155279503105534 0.05496590909090909
0 0.6235341614906833 0.24320454545454548 0.03481987577639755 0.04812500000000003
0 0.6635714285714285 0.4276818181818182 0.03347826086956528 0.05331818181818177
0 0.5175776397515528 0.1657159090909091 0.03854658385093164 0.048318181818181816
0 0.5800807453416149 0.5762045454545455 0.03521739130434785 0.048772727272727225
0 0.6528322981366459 0.25057954545454547 0.03216770186335401 0.04452272727272728
0 0.6376956521739131 0.48507954545454546 0.03494409937888205 0.05142045454545455
0 0.6098633540372671 0.5703977272727273 0.03418012422360247 0.046590909090909155
0 0.5537080745341615 0.1630340909090909 0.03622360248447201 0.044159090909090926
0 0.6064472049689441 0.5337613636363636 0.03454658385093161 0.04940909090909093
0 0.47485093167701864 0.15130681818181818 0.03683229813664594 0.052125000000000005
0 0.6650372670807454 0.29212499999999997 0.03010559006211168 0.04793181818181816
0 0.6406273291925466 0.2099318181818182 0.033204968944099404 0.042352272727272704
0 0.672360248447205 0.3356704545454545 0.030732919254658396 0.046875
0 0.6625962732919255 0.47302272727272726 0.0337826086956521 0.04940909090909093
0 0.5356459627329192 0.20144318181818183 0.03912422360248448 0.049136363636363645
0 0.6391614906832298 0.5672613636363636 0.0322857142857143 0.04695454545454551
0 0.5898447204968944 0.16782954545454545 0.03494409937888198 0.04348863636363634
0 0.6245093167701864 0.176875 0.03347826086956528 0.04318181818181818
0 0.48363975155279504 0.18581818181818183 0.03796273291925459 0.05795454545454545
0 0.6367204968944099 0.5292954545454546 0.03085093167701868 0.04785227272727274
0 0.6191428571428572 0.38948863636363634 0.03634782608695658 0.055500000000000035
0 0.543944099378882 0.5681590909090909 0.03790062111801241 0.061477272727272686
2 0.5561552795031056 0.7535227272727273 0.15429813664596279 0.09173863636363638
0 0.6679689440993789 0.5127727272727273 0.0302732919254657 0.04651136363636358
0 0.6064472049689441 0.14617045454545455 0.033782608695652236 0.04252272727272729
0 0.6162111801242236 0.606125 0.03062732919254655 0.04442045454545445
0 0.5424782608695652 0.13310227272727274 0.03582608695652178 0.04252272727272729
0 0.4719254658385093 0.11870454545454545 0.035155279503105534 0.039613636363636344
0 0.5751925465838509 0.13511363636363638 0.033658385093167736 0.04268181818181818
0 0.5288074534161491 0.10345454545454547 0.0325341614906833 0.03721590909090909
0 0.6894534161490683 0.42098863636363637 0.0285465838509317 0.04821590909090903
0 0.5869130434782608 0.67625 0.030149068322981344 0.03835227272727273
0 0.6425776397515528 0.5931704545454546 0.030335403726708093 0.042431818181818154
0 0.5068385093167702 0.1326590909090909 0.035155279503105534 0.04614772727272726
0 0.5952173913043478 0.11870454545454545 0.03149689440993791 0.03425000000000002
0 0.6894534161490683 0.46275000000000005 0.028273291925465828 0.044613636363636355
0 0.5610372670807453 0.10557954545454545 0.03056521739130437 0.033170454545454545
0 0.6430683229813664 0.3345568181818182 0.033658385093167736 0.050863636363636354
0 0.6694347826086956 0.5520795454545454 0.028012422360248392 0.044613636363636355
0 0.5908198757763975 0.6400681818181818 0.031801242236024874 0.0389431818181818
0 0.6767577639751552 0.38122727272727275 0.03155279503105601 0.047204545454545416
0 0.6914037267080746 0.5033977272727272 0.026105590062111925 0.04340909090909096
2 0.27245962732919254 0.536 0.0674409937888199 0.1678295454545454
0 0.6176770186335404 0.634715909090909 0.02670186335403727 0.03648863636363625
0 0.5888695652173913 0.6088068181818181 0.030795031055900576 0.041954545454545536
0 0.6391614906832298 0.6525795454545454 0.025422360248447174 0.0373522727272726
2 0.35058385093167704 0.7923863636363636 0.1406273291925466 0.12384090909090911
0 0.6025403726708075 0.6883181818181818 0.02696273291925471 0.03434090909090912
0 0.6430683229813664 0.6226477272727272 0.028167701863353982 0.03821590909090922
0 0.6210931677018634 0.6923295454545455 0.025173913043478244 0.03296590909090908
0 0.6186521739130435 0.6628522727272727 0.02711180124223608 0.03265909090909092
0 0.4389627329192547 0.14494318181818183 0.03521739130434785 0.05895454545454547
0 0.6669937888198757 0.5833409090909091 0.027068322981366414 0.037352272727272665
0 0.6718757763975155 0.6548181818181819 0.021043478260869632 0.03012499999999999
0 0.6894534161490683 0.5735227272727274 0.023242236024844765 0.0409204545454546
0 0.6914037267080746 0.5382386363636363 0.023559006211180022 0.040704545454545514
0 0.6870124223602484 0.6047840909090909 0.023024844720496995 0.035113636363636465
0 0.6835962732919254 0.6266704545454546 0.02198757763975161 0.03553409090909089
0 0.6660186335403726 0.6119318181818182 0.023863354037267127 0.03614772727272721
0 0.5815403726708074 0.6579431818181818 0.02409316770186333 0.03721590909090909
0 0.6499006211180124 0.6735681818181818 0.022627329192546484 0.035204545454545474
0 0.6254906832298136 0.67625 0.026198757763975126 0.033477272727272765
0 0.4943850931677019 0.10306818181818182 0.03290062111801244 0.03601136363636363
2 0.3437515527950311 0.6423068181818182 0.04092546583850938 0.08922727272727271
2 0.33935403726708074 0.20747727272727273 0.10895031055900622 0.12539772727272724
2 0.20788819875776396 0.5699431818181818 0.05370807453416151 0.1578977272727272
0 0.6806645962732919 0.7137727272727272 0.027844720496894366 0.044613636363636355
2 0.2717267080745342 0.7378977272727273 0.04959006211180126 0.10211363636363625
2 0.5639627329192547 0.7213636363636363 0.09418012422360256 0.05055681818181819
2 0.2700186335403727 0.2872045454545455 0.0281055900621118 0.06649999999999998
2 0.4261055900621118 0.6596363636363637 0.04058385093167697 0.03376136363636368